service_id,monday,tuesday,wednesday,thursday,friday,saturday,sunday,start_date,end_date
000000,1,1,1,1,1,1,1,20190425,20191214
000011,0,0,0,0,0,0,0,20190425,20191214
000061,0,0,0,0,0,0,0,20190425,20191214
000128,0,0,0,0,0,0,0,20190425,20191214
000151,0,0,0,0,0,0,0,20190425,20191214
000215,0,0,0,0,0,0,0,20190425,20191214
000241,0,0,0,0,0,0,0,20190425,20191214
000249,0,0,0,0,0,0,0,20190425,20191214
000281,0,0,0,0,0,0,0,20190425,20191214
000288,0,0,0,0,0,0,0,20190425,20191214
000294,0,0,0,0,0,0,0,20190425,20191214
000327,0,0,0,0,0,0,0,20190425,20191214
000354,0,0,0,0,0,0,0,20190425,20191214
000484,0,0,0,0,0,0,0,20190425,20191214
000488,0,0,0,0,0,0,0,20190425,20191214
000543,0,0,0,0,0,0,0,20190425,20191214
000627,0,0,0,0,0,0,0,20190425,20191214
000629,0,0,0,0,0,0,0,20190425,20191214
000751,0,0,0,0,0,0,0,20190425,20191214
000754,0,0,0,0,0,0,0,20190425,20191214
000845,0,0,0,0,0,0,0,20190425,20191214
001144,0,0,0,0,0,0,0,20190425,20191214
001154,0,0,0,0,0,0,0,20190425,20191214
001158,0,0,0,0,0,0,0,20190425,20191214
001247,0,0,0,0,0,0,0,20190425,20191214
001437,0,0,0,0,0,0,0,20190425,20191214
001451,0,0,0,0,0,0,0,20190425,20191214
001463,0,0,0,0,0,0,0,20190425,20191214
001497,0,0,0,0,0,0,0,20190425,20191214
001634,0,0,0,0,0,0,0,20190425,20191214
002095,0,0,0,0,0,0,0,20190425,20191214
002282,0,0,0,0,0,0,0,20190425,20191214
002286,0,0,0,0,0,0,0,20190425,20191214
002371,0,0,0,0,0,0,0,20190425,20191214
002771,0,0,0,0,0,0,0,20190425,20191214
003399,0,0,0,0,0,0,0,20190425,20191214
003467,0,0,0,0,0,0,0,20190425,20191214
003791,0,0,0,0,0,0,0,20190425,20191214
004755,0,0,0,0,0,0,0,20190425,20191214
004929,0,0,0,0,0,0,0,20190425,20191214
004939,0,0,0,0,0,0,0,20190425,20191214
004973,0,0,0,0,0,0,0,20190425,20191214
004974,0,0,0,0,0,0,0,20190425,20191214
004995,0,0,0,0,0,0,0,20190425,20191214
005004,0,0,0,0,0,0,0,20190425,20191214
005010,0,0,0,0,0,0,0,20190425,20191214
005025,0,0,0,0,0,0,0,20190425,20191214
005040,0,0,0,0,0,0,0,20190425,20191214
005042,0,0,0,0,0,0,0,20190425,20191214
005049,0,0,0,0,0,0,0,20190425,20191214
005054,0,0,0,0,0,0,0,20190425,20191214
005055,0,0,0,0,0,0,0,20190425,20191214
005130,0,0,0,0,0,0,0,20190425,20191214
005181,0,0,0,0,0,0,0,20190425,20191214
005189,0,0,0,0,0,0,0,20190425,20191214
005269,0,0,0,0,0,0,0,20190425,20191214
005374,0,0,0,0,0,0,0,20190425,20191214
005517,0,0,0,0,0,0,0,20190425,20191214
005625,0,0,0,0,0,0,0,20190425,20191214
005700,0,0,0,0,0,0,0,20190425,20191214
005877,0,0,0,0,0,0,0,20190425,20191214
005917,0,0,0,0,0,0,0,20190425,20191214
006660,0,0,0,0,0,0,0,20190425,20191214
006839,0,0,0,0,0,0,0,20190425,20191214
006933,0,0,0,0,0,0,0,20190425,20191214
006979,0,0,0,0,0,0,0,20190425,20191214
007026,0,0,0,0,0,0,0,20190425,20191214
007269,0,0,0,0,0,0,0,20190425,20191214
007455,0,0,0,0,0,0,0,20190425,20191214
007736,0,0,0,0,0,0,0,20190425,20191214
007766,0,0,0,0,0,0,0,20190425,20191214
008290,0,0,0,0,0,0,0,20190425,20191214
008483,0,0,0,0,0,0,0,20190425,20191214
009841,0,0,0,0,0,0,0,20190425,20191214
009885,0,0,0,0,0,0,0,20190425,20191214
009887,0,0,0,0,0,0,0,20190425,20191214
010922,0,0,0,0,0,0,0,20190425,20191214
010925,0,0,0,0,0,0,0,20190425,20191214
010927,0,0,0,0,0,0,0,20190425,20191214
010930,0,0,0,0,0,0,0,20190425,20191214
010934,0,0,0,0,0,0,0,20190425,20191214
010937,0,0,0,0,0,0,0,20190425,20191214
010938,0,0,0,0,0,0,0,20190425,20191214
010939,0,0,0,0,0,0,0,20190425,20191214
010940,0,0,0,0,0,0,0,20190425,20191214
010941,0,0,0,0,0,0,0,20190425,20191214
010944,0,0,0,0,0,0,0,20190425,20191214
010945,0,0,0,0,0,0,0,20190425,20191214
010946,0,0,0,0,0,0,0,20190425,20191214
010947,0,0,0,0,0,0,0,20190425,20191214
010948,0,0,0,0,0,0,0,20190425,20191214
010953,0,0,0,0,0,0,0,20190425,20191214
010954,0,0,0,0,0,0,0,20190425,20191214
010962,0,0,0,0,0,0,0,20190425,20191214
010964,0,0,0,0,0,0,0,20190425,20191214
010965,0,0,0,0,0,0,0,20190425,20191214
010968,0,0,0,0,0,0,0,20190425,20191214
010972,0,0,0,0,0,0,0,20190425,20191214
010978,0,0,0,0,0,0,0,20190425,20191214
010989,0,0,0,0,0,0,0,20190425,20191214
011012,0,0,0,0,0,0,0,20190425,20191214
011042,0,0,0,0,0,0,0,20190425,20191214
011222,0,0,0,0,0,0,0,20190425,20191214
011227,0,0,0,0,0,0,0,20190425,20191214
011228,0,0,0,0,0,0,0,20190425,20191214
011229,0,0,0,0,0,0,0,20190425,20191214
011230,0,0,0,0,0,0,0,20190425,20191214
011241,0,0,0,0,0,0,0,20190425,20191214
011336,0,0,0,0,0,0,0,20190425,20191214
011518,0,0,0,0,0,0,0,20190425,20191214
011524,0,0,0,0,0,0,0,20190425,20191214
011526,0,0,0,0,0,0,0,20190425,20191214
011528,0,0,0,0,0,0,0,20190425,20191214
011529,0,0,0,0,0,0,0,20190425,20191214
011531,0,0,0,0,0,0,0,20190425,20191214
011532,0,0,0,0,0,0,0,20190425,20191214
011533,0,0,0,0,0,0,0,20190425,20191214
011535,0,0,0,0,0,0,0,20190425,20191214
011536,0,0,0,0,0,0,0,20190425,20191214
011537,0,0,0,0,0,0,0,20190425,20191214
011538,0,0,0,0,0,0,0,20190425,20191214
011539,0,0,0,0,0,0,0,20190425,20191214
011541,0,0,0,0,0,0,0,20190425,20191214
011542,0,0,0,0,0,0,0,20190425,20191214
011544,0,0,0,0,0,0,0,20190425,20191214
011545,0,0,0,0,0,0,0,20190425,20191214
011546,0,0,0,0,0,0,0,20190425,20191214
011547,0,0,0,0,0,0,0,20190425,20191214
011549,0,0,0,0,0,0,0,20190425,20191214
011550,0,0,0,0,0,0,0,20190425,20191214
011553,0,0,0,0,0,0,0,20190425,20191214
011554,0,0,0,0,0,0,0,20190425,20191214
011557,0,0,0,0,0,0,0,20190425,20191214
011558,0,0,0,0,0,0,0,20190425,20191214
011559,0,0,0,0,0,0,0,20190425,20191214
011560,0,0,0,0,0,0,0,20190425,20191214
011562,0,0,0,0,0,0,0,20190425,20191214
011565,0,0,0,0,0,0,0,20190425,20191214
011567,0,0,0,0,0,0,0,20190425,20191214
011569,0,0,0,0,0,0,0,20190425,20191214
011571,0,0,0,0,0,0,0,20190425,20191214
011573,0,0,0,0,0,0,0,20190425,20191214
011574,0,0,0,0,0,0,0,20190425,20191214
011578,0,0,0,0,0,0,0,20190425,20191214
011581,0,0,0,0,0,0,0,20190425,20191214
011582,0,0,0,0,0,0,0,20190425,20191214
011585,0,0,0,0,0,0,0,20190425,20191214
011586,0,0,0,0,0,0,0,20190425,20191214
011587,0,0,0,0,0,0,0,20190425,20191214
011589,0,0,0,0,0,0,0,20190425,20191214
011593,0,0,0,0,0,0,0,20190425,20191214
011594,0,0,0,0,0,0,0,20190425,20191214
011597,0,0,0,0,0,0,0,20190425,20191214
011601,0,0,0,0,0,0,0,20190425,20191214
011602,0,0,0,0,0,0,0,20190425,20191214
011609,0,0,0,0,0,0,0,20190425,20191214
011611,0,0,0,0,0,0,0,20190425,20191214
011614,0,0,0,0,0,0,0,20190425,20191214
011615,0,0,0,0,0,0,0,20190425,20191214
011616,0,0,0,0,0,0,0,20190425,20191214
011618,0,0,0,0,0,0,0,20190425,20191214
011620,0,0,0,0,0,0,0,20190425,20191214
011622,0,0,0,0,0,0,0,20190425,20191214
011624,0,0,0,0,0,0,0,20190425,20191214
011626,0,0,0,0,0,0,0,20190425,20191214
011628,0,0,0,0,0,0,0,20190425,20191214
011631,0,0,0,0,0,0,0,20190425,20191214
011632,0,0,0,0,0,0,0,20190425,20191214
011633,0,0,0,0,0,0,0,20190425,20191214
011635,0,0,0,0,0,0,0,20190425,20191214
011637,0,0,0,0,0,0,0,20190425,20191214
011639,0,0,0,0,0,0,0,20190425,20191214
011641,0,0,0,0,0,0,0,20190425,20191214
011644,0,0,0,0,0,0,0,20190425,20191214
011649,0,0,0,0,0,0,0,20190425,20191214
011651,0,0,0,0,0,0,0,20190425,20191214
011652,0,0,0,0,0,0,0,20190425,20191214
011654,0,0,0,0,0,0,0,20190425,20191214
011659,0,0,0,0,0,0,0,20190425,20191214
011661,0,0,0,0,0,0,0,20190425,20191214
011666,0,0,0,0,0,0,0,20190425,20191214
011670,0,0,0,0,0,0,0,20190425,20191214
011675,0,0,0,0,0,0,0,20190425,20191214
011680,0,0,0,0,0,0,0,20190425,20191214
011683,0,0,0,0,0,0,0,20190425,20191214
011686,0,0,0,0,0,0,0,20190425,20191214
011690,0,0,0,0,0,0,0,20190425,20191214
011692,0,0,0,0,0,0,0,20190425,20191214
011694,0,0,0,0,0,0,0,20190425,20191214
011695,0,0,0,0,0,0,0,20190425,20191214
011696,0,0,0,0,0,0,0,20190425,20191214
011697,0,0,0,0,0,0,0,20190425,20191214
011701,0,0,0,0,0,0,0,20190425,20191214
011703,0,0,0,0,0,0,0,20190425,20191214
011706,0,0,0,0,0,0,0,20190425,20191214
011709,0,0,0,0,0,0,0,20190425,20191214
011712,0,0,0,0,0,0,0,20190425,20191214
011713,0,0,0,0,0,0,0,20190425,20191214
011714,0,0,0,0,0,0,0,20190425,20191214
011720,0,0,0,0,0,0,0,20190425,20191214
011725,0,0,0,0,0,0,0,20190425,20191214
011726,0,0,0,0,0,0,0,20190425,20191214
011728,0,0,0,0,0,0,0,20190425,20191214
011729,0,0,0,0,0,0,0,20190425,20191214
011730,0,0,0,0,0,0,0,20190425,20191214
011731,0,0,0,0,0,0,0,20190425,20191214
011735,0,0,0,0,0,0,0,20190425,20191214
011739,0,0,0,0,0,0,0,20190425,20191214
011742,0,0,0,0,0,0,0,20190425,20191214
011744,0,0,0,0,0,0,0,20190425,20191214
011747,0,0,0,0,0,0,0,20190425,20191214
011751,0,0,0,0,0,0,0,20190425,20191214
011754,0,0,0,0,0,0,0,20190425,20191214
011756,0,0,0,0,0,0,0,20190425,20191214
011758,0,0,0,0,0,0,0,20190425,20191214
011759,0,0,0,0,0,0,0,20190425,20191214
011763,0,0,0,0,0,0,0,20190425,20191214
011769,0,0,0,0,0,0,0,20190425,20191214
011771,0,0,0,0,0,0,0,20190425,20191214
011774,0,0,0,0,0,0,0,20190425,20191214
011776,0,0,0,0,0,0,0,20190425,20191214
011778,0,0,0,0,0,0,0,20190425,20191214
011780,0,0,0,0,0,0,0,20190425,20191214
011784,0,0,0,0,0,0,0,20190425,20191214
011787,0,0,0,0,0,0,0,20190425,20191214
011789,0,0,0,0,0,0,0,20190425,20191214
011791,0,0,0,0,0,0,0,20190425,20191214
011794,0,0,0,0,0,0,0,20190425,20191214
011797,0,0,0,0,0,0,0,20190425,20191214
011799,0,0,0,0,0,0,0,20190425,20191214
011803,0,0,0,0,0,0,0,20190425,20191214
011805,0,0,0,0,0,0,0,20190425,20191214
011806,0,0,0,0,0,0,0,20190425,20191214
011808,0,0,0,0,0,0,0,20190425,20191214
011812,0,0,0,0,0,0,0,20190425,20191214
011814,0,0,0,0,0,0,0,20190425,20191214
011819,0,0,0,0,0,0,0,20190425,20191214
011820,0,0,0,0,0,0,0,20190425,20191214
011821,0,0,0,0,0,0,0,20190425,20191214
011828,0,0,0,0,0,0,0,20190425,20191214
011830,0,0,0,0,0,0,0,20190425,20191214
011834,0,0,0,0,0,0,0,20190425,20191214
011836,0,0,0,0,0,0,0,20190425,20191214
011839,0,0,0,0,0,0,0,20190425,20191214
011846,0,0,0,0,0,0,0,20190425,20191214
011847,0,0,0,0,0,0,0,20190425,20191214
011862,0,0,0,0,0,0,0,20190425,20191214
011865,0,0,0,0,0,0,0,20190425,20191214
011869,0,0,0,0,0,0,0,20190425,20191214
011870,0,0,0,0,0,0,0,20190425,20191214
011876,0,0,0,0,0,0,0,20190425,20191214
011881,0,0,0,0,0,0,0,20190425,20191214
011883,0,0,0,0,0,0,0,20190425,20191214
011886,0,0,0,0,0,0,0,20190425,20191214
011893,0,0,0,0,0,0,0,20190425,20191214
011894,0,0,0,0,0,0,0,20190425,20191214
011899,0,0,0,0,0,0,0,20190425,20191214
011900,0,0,0,0,0,0,0,20190425,20191214
011902,0,0,0,0,0,0,0,20190425,20191214
011903,0,0,0,0,0,0,0,20190425,20191214
011910,0,0,0,0,0,0,0,20190425,20191214
011911,0,0,0,0,0,0,0,20190425,20191214
011918,0,0,0,0,0,0,0,20190425,20191214
011920,0,0,0,0,0,0,0,20190425,20191214
011924,0,0,0,0,0,0,0,20190425,20191214
011926,0,0,0,0,0,0,0,20190425,20191214
011927,0,0,0,0,0,0,0,20190425,20191214
011930,0,0,0,0,0,0,0,20190425,20191214
011932,0,0,0,0,0,0,0,20190425,20191214
011933,0,0,0,0,0,0,0,20190425,20191214
011934,0,0,0,0,0,0,0,20190425,20191214
011935,0,0,0,0,0,0,0,20190425,20191214
011936,0,0,0,0,0,0,0,20190425,20191214
011937,0,0,0,0,0,0,0,20190425,20191214
011938,0,0,0,0,0,0,0,20190425,20191214
011939,0,0,0,0,0,0,0,20190425,20191214
011940,0,0,0,0,0,0,0,20190425,20191214
011942,0,0,0,0,0,0,0,20190425,20191214
011946,0,0,0,0,0,0,0,20190425,20191214
011949,0,0,0,0,0,0,0,20190425,20191214
011953,0,0,0,0,0,0,0,20190425,20191214
011958,0,0,0,0,0,0,0,20190425,20191214
011966,0,0,0,0,0,0,0,20190425,20191214
011970,0,0,0,0,0,0,0,20190425,20191214
011973,0,0,0,0,0,0,0,20190425,20191214
011976,0,0,0,0,0,0,0,20190425,20191214
011977,0,0,0,0,0,0,0,20190425,20191214
011981,0,0,0,0,0,0,0,20190425,20191214
011984,0,0,0,0,0,0,0,20190425,20191214
011989,0,0,0,0,0,0,0,20190425,20191214
011992,0,0,0,0,0,0,0,20190425,20191214
011995,0,0,0,0,0,0,0,20190425,20191214
011998,0,0,0,0,0,0,0,20190425,20191214
012001,0,0,0,0,0,0,0,20190425,20191214
012003,0,0,0,0,0,0,0,20190425,20191214
012009,0,0,0,0,0,0,0,20190425,20191214
012019,0,0,0,0,0,0,0,20190425,20191214
012024,0,0,0,0,0,0,0,20190425,20191214
012033,0,0,0,0,0,0,0,20190425,20191214
012045,0,0,0,0,0,0,0,20190425,20191214
012046,0,0,0,0,0,0,0,20190425,20191214
012049,0,0,0,0,0,0,0,20190425,20191214
012053,0,0,0,0,0,0,0,20190425,20191214
012054,0,0,0,0,0,0,0,20190425,20191214
012055,0,0,0,0,0,0,0,20190425,20191214
012056,0,0,0,0,0,0,0,20190425,20191214
012060,0,0,0,0,0,0,0,20190425,20191214
012061,0,0,0,0,0,0,0,20190425,20191214
012063,0,0,0,0,0,0,0,20190425,20191214
012069,0,0,0,0,0,0,0,20190425,20191214
012072,0,0,0,0,0,0,0,20190425,20191214
012076,0,0,0,0,0,0,0,20190425,20191214
012084,0,0,0,0,0,0,0,20190425,20191214
012087,0,0,0,0,0,0,0,20190425,20191214
012091,0,0,0,0,0,0,0,20190425,20191214
012095,0,0,0,0,0,0,0,20190425,20191214
012099,0,0,0,0,0,0,0,20190425,20191214
012101,0,0,0,0,0,0,0,20190425,20191214
012105,0,0,0,0,0,0,0,20190425,20191214
012111,0,0,0,0,0,0,0,20190425,20191214
012114,0,0,0,0,0,0,0,20190425,20191214
012118,0,0,0,0,0,0,0,20190425,20191214
012121,0,0,0,0,0,0,0,20190425,20191214
012122,0,0,0,0,0,0,0,20190425,20191214
012123,0,0,0,0,0,0,0,20190425,20191214
012124,0,0,0,0,0,0,0,20190425,20191214
012125,0,0,0,0,0,0,0,20190425,20191214
012126,0,0,0,0,0,0,0,20190425,20191214
012127,0,0,0,0,0,0,0,20190425,20191214
012128,0,0,0,0,0,0,0,20190425,20191214
012129,0,0,0,0,0,0,0,20190425,20191214
012131,0,0,0,0,0,0,0,20190425,20191214
012134,0,0,0,0,0,0,0,20190425,20191214
012135,0,0,0,0,0,0,0,20190425,20191214
012136,0,0,0,0,0,0,0,20190425,20191214
012137,0,0,0,0,0,0,0,20190425,20191214
012141,0,0,0,0,0,0,0,20190425,20191214
012143,0,0,0,0,0,0,0,20190425,20191214
012144,0,0,0,0,0,0,0,20190425,20191214
012146,0,0,0,0,0,0,0,20190425,20191214
012148,0,0,0,0,0,0,0,20190425,20191214
012150,0,0,0,0,0,0,0,20190425,20191214
012151,0,0,0,0,0,0,0,20190425,20191214
012152,0,0,0,0,0,0,0,20190425,20191214
012153,0,0,0,0,0,0,0,20190425,20191214
012155,0,0,0,0,0,0,0,20190425,20191214
012158,0,0,0,0,0,0,0,20190425,20191214
012159,0,0,0,0,0,0,0,20190425,20191214
012161,0,0,0,0,0,0,0,20190425,20191214
012162,0,0,0,0,0,0,0,20190425,20191214
012163,0,0,0,0,0,0,0,20190425,20191214
012166,0,0,0,0,0,0,0,20190425,20191214
012167,0,0,0,0,0,0,0,20190425,20191214
012168,0,0,0,0,0,0,0,20190425,20191214
012169,0,0,0,0,0,0,0,20190425,20191214
012170,0,0,0,0,0,0,0,20190425,20191214
012171,0,0,0,0,0,0,0,20190425,20191214
012367,0,0,0,0,0,0,0,20190425,20191214
012413,0,0,0,0,0,0,0,20190425,20191214
012422,0,0,0,0,0,0,0,20190425,20191214
012429,0,0,0,0,0,0,0,20190425,20191214
013212,0,0,0,0,0,0,0,20190425,20191214
017814,0,0,0,0,0,0,0,20190425,20191214
017828,0,0,0,0,0,0,0,20190425,20191214
017847,0,0,0,0,0,0,0,20190425,20191214
018508,0,0,0,0,0,0,0,20190425,20191214
018509,0,0,0,0,0,0,0,20190425,20191214
018510,0,0,0,0,0,0,0,20190425,20191214
018511,0,0,0,0,0,0,0,20190425,20191214
018512,0,0,0,0,0,0,0,20190425,20191214
018513,0,0,0,0,0,0,0,20190425,20191214
018514,0,0,0,0,0,0,0,20190425,20191214
018515,0,0,0,0,0,0,0,20190425,20191214
018517,0,0,0,0,0,0,0,20190425,20191214
018518,0,0,0,0,0,0,0,20190425,20191214
018519,0,0,0,0,0,0,0,20190425,20191214
018521,0,0,0,0,0,0,0,20190425,20191214
018522,0,0,0,0,0,0,0,20190425,20191214
018524,0,0,0,0,0,0,0,20190425,20191214
018525,0,0,0,0,0,0,0,20190425,20191214
018526,0,0,0,0,0,0,0,20190425,20191214
018527,0,0,0,0,0,0,0,20190425,20191214
018529,0,0,0,0,0,0,0,20190425,20191214
018531,0,0,0,0,0,0,0,20190425,20191214
018532,0,0,0,0,0,0,0,20190425,20191214
018534,0,0,0,0,0,0,0,20190425,20191214
018538,0,0,0,0,0,0,0,20190425,20191214
018539,0,0,0,0,0,0,0,20190425,20191214
018541,0,0,0,0,0,0,0,20190425,20191214
018543,0,0,0,0,0,0,0,20190425,20191214
018657,0,0,0,0,0,0,0,20190425,20191214
019455,0,0,0,0,0,0,0,20190425,20191214
019639,0,0,0,0,0,0,0,20190425,20191214
019640,0,0,0,0,0,0,0,20190425,20191214
019641,0,0,0,0,0,0,0,20190425,20191214
019642,0,0,0,0,0,0,0,20190425,20191214
020424,0,0,0,0,0,0,0,20190425,20191214
020425,0,0,0,0,0,0,0,20190425,20191214
020427,0,0,0,0,0,0,0,20190425,20191214
020428,0,0,0,0,0,0,0,20190425,20191214
020429,0,0,0,0,0,0,0,20190425,20191214
020430,0,0,0,0,0,0,0,20190425,20191214
020431,0,0,0,0,0,0,0,20190425,20191214
020432,0,0,0,0,0,0,0,20190425,20191214
020433,0,0,0,0,0,0,0,20190425,20191214
020434,0,0,0,0,0,0,0,20190425,20191214
020435,0,0,0,0,0,0,0,20190425,20191214
020436,0,0,0,0,0,0,0,20190425,20191214
020438,0,0,0,0,0,0,0,20190425,20191214
020439,0,0,0,0,0,0,0,20190425,20191214
020441,0,0,0,0,0,0,0,20190425,20191214
020442,0,0,0,0,0,0,0,20190425,20191214
020444,0,0,0,0,0,0,0,20190425,20191214
020445,0,0,0,0,0,0,0,20190425,20191214
020446,0,0,0,0,0,0,0,20190425,20191214
020447,0,0,0,0,0,0,0,20190425,20191214
020448,0,0,0,0,0,0,0,20190425,20191214
020449,0,0,0,0,0,0,0,20190425,20191214
020450,0,0,0,0,0,0,0,20190425,20191214
020451,0,0,0,0,0,0,0,20190425,20191214
020452,0,0,0,0,0,0,0,20190425,20191214
020453,0,0,0,0,0,0,0,20190425,20191214
020454,0,0,0,0,0,0,0,20190425,20191214
020455,0,0,0,0,0,0,0,20190425,20191214
020456,0,0,0,0,0,0,0,20190425,20191214
020457,0,0,0,0,0,0,0,20190425,20191214
020458,0,0,0,0,0,0,0,20190425,20191214
020460,0,0,0,0,0,0,0,20190425,20191214
020464,0,0,0,0,0,0,0,20190425,20191214
020466,0,0,0,0,0,0,0,20190425,20191214
020468,0,0,0,0,0,0,0,20190425,20191214
020472,0,0,0,0,0,0,0,20190425,20191214
020475,0,0,0,0,0,0,0,20190425,20191214
020975,0,0,0,0,0,0,0,20190425,20191214
020983,0,0,0,0,0,0,0,20190425,20191214
020984,0,0,0,0,0,0,0,20190425,20191214
020985,0,0,0,0,0,0,0,20190425,20191214
020986,0,0,0,0,0,0,0,20190425,20191214
020987,0,0,0,0,0,0,0,20190425,20191214
020988,0,0,0,0,0,0,0,20190425,20191214
020991,0,0,0,0,0,0,0,20190425,20191214
020992,0,0,0,0,0,0,0,20190425,20191214
020994,0,0,0,0,0,0,0,20190425,20191214
020995,0,0,0,0,0,0,0,20190425,20191214
020996,0,0,0,0,0,0,0,20190425,20191214
021000,0,0,0,0,0,0,0,20190425,20191214
021002,0,0,0,0,0,0,0,20190425,20191214
021003,0,0,0,0,0,0,0,20190425,20191214
021004,0,0,0,0,0,0,0,20190425,20191214
021005,0,0,0,0,0,0,0,20190425,20191214
021006,0,0,0,0,0,0,0,20190425,20191214
021007,0,0,0,0,0,0,0,20190425,20191214
021008,0,0,0,0,0,0,0,20190425,20191214
021009,0,0,0,0,0,0,0,20190425,20191214
021010,0,0,0,0,0,0,0,20190425,20191214
021011,0,0,0,0,0,0,0,20190425,20191214
021012,0,0,0,0,0,0,0,20190425,20191214
021014,0,0,0,0,0,0,0,20190425,20191214
021015,0,0,0,0,0,0,0,20190425,20191214
021018,0,0,0,0,0,0,0,20190425,20191214
021019,0,0,0,0,0,0,0,20190425,20191214
021020,0,0,0,0,0,0,0,20190425,20191214
021022,0,0,0,0,0,0,0,20190425,20191214
021024,0,0,0,0,0,0,0,20190425,20191214
021025,0,0,0,0,0,0,0,20190425,20191214
021026,0,0,0,0,0,0,0,20190425,20191214
021027,0,0,0,0,0,0,0,20190425,20191214
021028,0,0,0,0,0,0,0,20190425,20191214
021029,0,0,0,0,0,0,0,20190425,20191214
021033,0,0,0,0,0,0,0,20190425,20191214
021035,0,0,0,0,0,0,0,20190425,20191214
021036,0,0,0,0,0,0,0,20190425,20191214
021037,0,0,0,0,0,0,0,20190425,20191214
021041,0,0,0,0,0,0,0,20190425,20191214
021042,0,0,0,0,0,0,0,20190425,20191214
021043,0,0,0,0,0,0,0,20190425,20191214
021044,0,0,0,0,0,0,0,20190425,20191214
021045,0,0,0,0,0,0,0,20190425,20191214
021049,0,0,0,0,0,0,0,20190425,20191214
021052,0,0,0,0,0,0,0,20190425,20191214
021053,0,0,0,0,0,0,0,20190425,20191214
021054,0,0,0,0,0,0,0,20190425,20191214
021055,0,0,0,0,0,0,0,20190425,20191214
021056,0,0,0,0,0,0,0,20190425,20191214
021059,0,0,0,0,0,0,0,20190425,20191214
021061,0,0,0,0,0,0,0,20190425,20191214
021166,0,0,0,0,0,0,0,20190425,20191214
021530,0,0,0,0,0,0,0,20190425,20191214
021618,0,0,0,0,0,0,0,20190425,20191214
021977,0,0,0,0,0,0,0,20190425,20191214
022286,0,0,0,0,0,0,0,20190425,20191214
022287,0,0,0,0,0,0,0,20190425,20191214
023572,0,0,0,0,0,0,0,20190425,20191214
026119,0,0,0,0,0,0,0,20190425,20191214
026121,0,0,0,0,0,0,0,20190425,20191214
026122,0,0,0,0,0,0,0,20190425,20191214
026124,0,0,0,0,0,0,0,20190425,20191214
026125,0,0,0,0,0,0,0,20190425,20191214
026139,0,0,0,0,0,0,0,20190425,20191214
026676,0,0,0,0,0,0,0,20190425,20191214
026758,0,0,0,0,0,0,0,20190425,20191214
026761,0,0,0,0,0,0,0,20190425,20191214
026762,0,0,0,0,0,0,0,20190425,20191214
027520,0,0,0,0,0,0,0,20190425,20191214
027521,0,0,0,0,0,0,0,20190425,20191214
027522,0,0,0,0,0,0,0,20190425,20191214
027524,0,0,0,0,0,0,0,20190425,20191214
027525,0,0,0,0,0,0,0,20190425,20191214
027526,0,0,0,0,0,0,0,20190425,20191214
027555,0,0,0,0,0,0,0,20190425,20191214
027556,0,0,0,0,0,0,0,20190425,20191214
027557,0,0,0,0,0,0,0,20190425,20191214
027558,0,0,0,0,0,0,0,20190425,20191214
027559,0,0,0,0,0,0,0,20190425,20191214
027566,0,0,0,0,0,0,0,20190425,20191214
027569,0,0,0,0,0,0,0,20190425,20191214
027572,0,0,0,0,0,0,0,20190425,20191214
027573,0,0,0,0,0,0,0,20190425,20191214
027574,0,0,0,0,0,0,0,20190425,20191214
027575,0,0,0,0,0,0,0,20190425,20191214
027580,0,0,0,0,0,0,0,20190425,20191214
027581,0,0,0,0,0,0,0,20190425,20191214
027582,0,0,0,0,0,0,0,20190425,20191214
027584,0,0,0,0,0,0,0,20190425,20191214
027585,0,0,0,0,0,0,0,20190425,20191214
027586,0,0,0,0,0,0,0,20190425,20191214
027587,0,0,0,0,0,0,0,20190425,20191214
027589,0,0,0,0,0,0,0,20190425,20191214
027593,0,0,0,0,0,0,0,20190425,20191214
027595,0,0,0,0,0,0,0,20190425,20191214
027597,0,0,0,0,0,0,0,20190425,20191214
027599,0,0,0,0,0,0,0,20190425,20191214
027602,0,0,0,0,0,0,0,20190425,20191214
027604,0,0,0,0,0,0,0,20190425,20191214
027607,0,0,0,0,0,0,0,20190425,20191214
027609,0,0,0,0,0,0,0,20190425,20191214
027612,0,0,0,0,0,0,0,20190425,20191214
027615,0,0,0,0,0,0,0,20190425,20191214
027618,0,0,0,0,0,0,0,20190425,20191214
027619,0,0,0,0,0,0,0,20190425,20191214
027621,0,0,0,0,0,0,0,20190425,20191214
027622,0,0,0,0,0,0,0,20190425,20191214
027623,0,0,0,0,0,0,0,20190425,20191214
027624,0,0,0,0,0,0,0,20190425,20191214
027627,0,0,0,0,0,0,0,20190425,20191214
027628,0,0,0,0,0,0,0,20190425,20191214
027631,0,0,0,0,0,0,0,20190425,20191214
027633,0,0,0,0,0,0,0,20190425,20191214
027638,0,0,0,0,0,0,0,20190425,20191214
027644,0,0,0,0,0,0,0,20190425,20191214
027647,0,0,0,0,0,0,0,20190425,20191214
027648,0,0,0,0,0,0,0,20190425,20191214
027656,0,0,0,0,0,0,0,20190425,20191214
027657,0,0,0,0,0,0,0,20190425,20191214
027660,0,0,0,0,0,0,0,20190425,20191214
027662,0,0,0,0,0,0,0,20190425,20191214
027664,0,0,0,0,0,0,0,20190425,20191214
027666,0,0,0,0,0,0,0,20190425,20191214
027668,0,0,0,0,0,0,0,20190425,20191214
027670,0,0,0,0,0,0,0,20190425,20191214
027672,0,0,0,0,0,0,0,20190425,20191214
027674,0,0,0,0,0,0,0,20190425,20191214
027676,0,0,0,0,0,0,0,20190425,20191214
027677,0,0,0,0,0,0,0,20190425,20191214
027679,0,0,0,0,0,0,0,20190425,20191214
027684,0,0,0,0,0,0,0,20190425,20191214
027686,0,0,0,0,0,0,0,20190425,20191214
027687,0,0,0,0,0,0,0,20190425,20191214
027688,0,0,0,0,0,0,0,20190425,20191214
027689,0,0,0,0,0,0,0,20190425,20191214
027691,0,0,0,0,0,0,0,20190425,20191214
027692,0,0,0,0,0,0,0,20190425,20191214
027694,0,0,0,0,0,0,0,20190425,20191214
027697,0,0,0,0,0,0,0,20190425,20191214
027700,0,0,0,0,0,0,0,20190425,20191214
027710,0,0,0,0,0,0,0,20190425,20191214
027711,0,0,0,0,0,0,0,20190425,20191214
027713,0,0,0,0,0,0,0,20190425,20191214
027715,0,0,0,0,0,0,0,20190425,20191214
027716,0,0,0,0,0,0,0,20190425,20191214
027717,0,0,0,0,0,0,0,20190425,20191214
027719,0,0,0,0,0,0,0,20190425,20191214
027720,0,0,0,0,0,0,0,20190425,20191214
027722,0,0,0,0,0,0,0,20190425,20191214
027724,0,0,0,0,0,0,0,20190425,20191214
027727,0,0,0,0,0,0,0,20190425,20191214
027728,0,0,0,0,0,0,0,20190425,20191214
027807,0,0,0,0,0,0,0,20190425,20191214
027808,0,0,0,0,0,0,0,20190425,20191214
027812,0,0,0,0,0,0,0,20190425,20191214
027814,0,0,0,0,0,0,0,20190425,20191214
027817,0,0,0,0,0,0,0,20190425,20191214
027822,0,0,0,0,0,0,0,20190425,20191214
027825,0,0,0,0,0,0,0,20190425,20191214
027826,0,0,0,0,0,0,0,20190425,20191214
027831,0,0,0,0,0,0,0,20190425,20191214
027834,0,0,0,0,0,0,0,20190425,20191214
027835,0,0,0,0,0,0,0,20190425,20191214
027837,0,0,0,0,0,0,0,20190425,20191214
027842,0,0,0,0,0,0,0,20190425,20191214
027846,0,0,0,0,0,0,0,20190425,20191214
027849,0,0,0,0,0,0,0,20190425,20191214
027877,0,0,0,0,0,0,0,20190425,20191214
027942,0,0,0,0,0,0,0,20190425,20191214
027944,0,0,0,0,0,0,0,20190425,20191214
027945,0,0,0,0,0,0,0,20190425,20191214
027946,0,0,0,0,0,0,0,20190425,20191214
027948,0,0,0,0,0,0,0,20190425,20191214
027949,0,0,0,0,0,0,0,20190425,20191214
027950,0,0,0,0,0,0,0,20190425,20191214
027952,0,0,0,0,0,0,0,20190425,20191214
027954,0,0,0,0,0,0,0,20190425,20191214
027958,0,0,0,0,0,0,0,20190425,20191214
027960,0,0,0,0,0,0,0,20190425,20191214
027961,0,0,0,0,0,0,0,20190425,20191214
027962,0,0,0,0,0,0,0,20190425,20191214
027965,0,0,0,0,0,0,0,20190425,20191214
027967,0,0,0,0,0,0,0,20190425,20191214
027970,0,0,0,0,0,0,0,20190425,20191214
027973,0,0,0,0,0,0,0,20190425,20191214
027974,0,0,0,0,0,0,0,20190425,20191214
027975,0,0,0,0,0,0,0,20190425,20191214
028107,0,0,0,0,0,0,0,20190425,20191214
028108,0,0,0,0,0,0,0,20190425,20191214
028109,0,0,0,0,0,0,0,20190425,20191214
028111,0,0,0,0,0,0,0,20190425,20191214
028112,0,0,0,0,0,0,0,20190425,20191214
028113,0,0,0,0,0,0,0,20190425,20191214
028114,0,0,0,0,0,0,0,20190425,20191214
028122,0,0,0,0,0,0,0,20190425,20191214
028127,0,0,0,0,0,0,0,20190425,20191214
071194,0,0,0,0,0,0,0,20190425,20191214
071195,0,0,0,0,0,0,0,20190425,20191214
071197,0,0,0,0,0,0,0,20190425,20191214
071198,0,0,0,0,0,0,0,20190425,20191214
071199,0,0,0,0,0,0,0,20190425,20191214
071203,0,0,0,0,0,0,0,20190425,20191214
071204,0,0,0,0,0,0,0,20190425,20191214
071205,0,0,0,0,0,0,0,20190425,20191214
071206,0,0,0,0,0,0,0,20190425,20191214
071207,0,0,0,0,0,0,0,20190425,20191214
071208,0,0,0,0,0,0,0,20190425,20191214
071209,0,0,0,0,0,0,0,20190425,20191214
071213,0,0,0,0,0,0,0,20190425,20191214
071214,0,0,0,0,0,0,0,20190425,20191214
071215,0,0,0,0,0,0,0,20190425,20191214
071216,0,0,0,0,0,0,0,20190425,20191214
071217,0,0,0,0,0,0,0,20190425,20191214
071218,0,0,0,0,0,0,0,20190425,20191214
071219,0,0,0,0,0,0,0,20190425,20191214
071220,0,0,0,0,0,0,0,20190425,20191214
071221,0,0,0,0,0,0,0,20190425,20191214
071222,0,0,0,0,0,0,0,20190425,20191214
071223,0,0,0,0,0,0,0,20190425,20191214
071224,0,0,0,0,0,0,0,20190425,20191214
071225,0,0,0,0,0,0,0,20190425,20191214
071226,0,0,0,0,0,0,0,20190425,20191214
071227,0,0,0,0,0,0,0,20190425,20191214
071228,0,0,0,0,0,0,0,20190425,20191214
071229,0,0,0,0,0,0,0,20190425,20191214
071230,0,0,0,0,0,0,0,20190425,20191214
071231,0,0,0,0,0,0,0,20190425,20191214
071232,0,0,0,0,0,0,0,20190425,20191214
071233,0,0,0,0,0,0,0,20190425,20191214
071234,0,0,0,0,0,0,0,20190425,20191214
071235,0,0,0,0,0,0,0,20190425,20191214
071236,0,0,0,0,0,0,0,20190425,20191214
071237,0,0,0,0,0,0,0,20190425,20191214
071238,0,0,0,0,0,0,0,20190425,20191214
071239,0,0,0,0,0,0,0,20190425,20191214
071241,0,0,0,0,0,0,0,20190425,20191214
071243,0,0,0,0,0,0,0,20190425,20191214
071244,0,0,0,0,0,0,0,20190425,20191214
071248,0,0,0,0,0,0,0,20190425,20191214
071249,0,0,0,0,0,0,0,20190425,20191214
071250,0,0,0,0,0,0,0,20190425,20191214
071255,0,0,0,0,0,0,0,20190425,20191214
071256,0,0,0,0,0,0,0,20190425,20191214
071266,0,0,0,0,0,0,0,20190425,20191214
071267,0,0,0,0,0,0,0,20190425,20191214
071268,0,0,0,0,0,0,0,20190425,20191214
071269,0,0,0,0,0,0,0,20190425,20191214
071270,0,0,0,0,0,0,0,20190425,20191214
071271,0,0,0,0,0,0,0,20190425,20191214
071279,0,0,0,0,0,0,0,20190425,20191214
071280,0,0,0,0,0,0,0,20190425,20191214
071281,0,0,0,0,0,0,0,20190425,20191214
071282,0,0,0,0,0,0,0,20190425,20191214
071283,0,0,0,0,0,0,0,20190425,20191214
071284,0,0,0,0,0,0,0,20190425,20191214
071285,0,0,0,0,0,0,0,20190425,20191214
071286,0,0,0,0,0,0,0,20190425,20191214
071287,0,0,0,0,0,0,0,20190425,20191214
071288,0,0,0,0,0,0,0,20190425,20191214
071289,0,0,0,0,0,0,0,20190425,20191214
071290,0,0,0,0,0,0,0,20190425,20191214
071291,0,0,0,0,0,0,0,20190425,20191214
071292,0,0,0,0,0,0,0,20190425,20191214
071293,0,0,0,0,0,0,0,20190425,20191214
071294,0,0,0,0,0,0,0,20190425,20191214
071295,0,0,0,0,0,0,0,20190425,20191214
071296,0,0,0,0,0,0,0,20190425,20191214
071297,0,0,0,0,0,0,0,20190425,20191214
071298,0,0,0,0,0,0,0,20190425,20191214
071299,0,0,0,0,0,0,0,20190425,20191214
071300,0,0,0,0,0,0,0,20190425,20191214
071302,0,0,0,0,0,0,0,20190425,20191214
071303,0,0,0,0,0,0,0,20190425,20191214
071304,0,0,0,0,0,0,0,20190425,20191214
071305,0,0,0,0,0,0,0,20190425,20191214
071306,0,0,0,0,0,0,0,20190425,20191214
071307,0,0,0,0,0,0,0,20190425,20191214
071308,0,0,0,0,0,0,0,20190425,20191214
071309,0,0,0,0,0,0,0,20190425,20191214
071310,0,0,0,0,0,0,0,20190425,20191214
071311,0,0,0,0,0,0,0,20190425,20191214
071312,0,0,0,0,0,0,0,20190425,20191214
071313,0,0,0,0,0,0,0,20190425,20191214
071314,0,0,0,0,0,0,0,20190425,20191214
071315,0,0,0,0,0,0,0,20190425,20191214
071316,0,0,0,0,0,0,0,20190425,20191214
071317,0,0,0,0,0,0,0,20190425,20191214
071318,0,0,0,0,0,0,0,20190425,20191214
071319,0,0,0,0,0,0,0,20190425,20191214
071320,0,0,0,0,0,0,0,20190425,20191214
071321,0,0,0,0,0,0,0,20190425,20191214
071322,0,0,0,0,0,0,0,20190425,20191214
071324,0,0,0,0,0,0,0,20190425,20191214
071325,0,0,0,0,0,0,0,20190425,20191214
071326,0,0,0,0,0,0,0,20190425,20191214
071327,0,0,0,0,0,0,0,20190425,20191214
071328,0,0,0,0,0,0,0,20190425,20191214
071329,0,0,0,0,0,0,0,20190425,20191214
071330,0,0,0,0,0,0,0,20190425,20191214
071331,0,0,0,0,0,0,0,20190425,20191214
071332,0,0,0,0,0,0,0,20190425,20191214
071333,0,0,0,0,0,0,0,20190425,20191214
071334,0,0,0,0,0,0,0,20190425,20191214
071335,0,0,0,0,0,0,0,20190425,20191214
071336,0,0,0,0,0,0,0,20190425,20191214
071337,0,0,0,0,0,0,0,20190425,20191214
071338,0,0,0,0,0,0,0,20190425,20191214
071339,0,0,0,0,0,0,0,20190425,20191214
071340,0,0,0,0,0,0,0,20190425,20191214
071341,0,0,0,0,0,0,0,20190425,20191214
071342,0,0,0,0,0,0,0,20190425,20191214
071343,0,0,0,0,0,0,0,20190425,20191214
071344,0,0,0,0,0,0,0,20190425,20191214
071345,0,0,0,0,0,0,0,20190425,20191214
071346,0,0,0,0,0,0,0,20190425,20191214
071347,0,0,0,0,0,0,0,20190425,20191214
071348,0,0,0,0,0,0,0,20190425,20191214
071349,0,0,0,0,0,0,0,20190425,20191214
071350,0,0,0,0,0,0,0,20190425,20191214
071351,0,0,0,0,0,0,0,20190425,20191214
071352,0,0,0,0,0,0,0,20190425,20191214
071353,0,0,0,0,0,0,0,20190425,20191214
071354,0,0,0,0,0,0,0,20190425,20191214
071355,0,0,0,0,0,0,0,20190425,20191214
071356,0,0,0,0,0,0,0,20190425,20191214
071357,0,0,0,0,0,0,0,20190425,20191214
071358,0,0,0,0,0,0,0,20190425,20191214
071359,0,0,0,0,0,0,0,20190425,20191214
071360,0,0,0,0,0,0,0,20190425,20191214
071361,0,0,0,0,0,0,0,20190425,20191214
071362,0,0,0,0,0,0,0,20190425,20191214
071363,0,0,0,0,0,0,0,20190425,20191214
071364,0,0,0,0,0,0,0,20190425,20191214
071365,0,0,0,0,0,0,0,20190425,20191214
071366,0,0,0,0,0,0,0,20190425,20191214
071367,0,0,0,0,0,0,0,20190425,20191214
071368,0,0,0,0,0,0,0,20190425,20191214
071369,0,0,0,0,0,0,0,20190425,20191214
071370,0,0,0,0,0,0,0,20190425,20191214
071371,0,0,0,0,0,0,0,20190425,20191214
071372,0,0,0,0,0,0,0,20190425,20191214
071373,0,0,0,0,0,0,0,20190425,20191214
071374,0,0,0,0,0,0,0,20190425,20191214
071378,0,0,0,0,0,0,0,20190425,20191214
071379,0,0,0,0,0,0,0,20190425,20191214
071380,0,0,0,0,0,0,0,20190425,20191214
071381,0,0,0,0,0,0,0,20190425,20191214
071382,0,0,0,0,0,0,0,20190425,20191214
071383,0,0,0,0,0,0,0,20190425,20191214
071384,0,0,0,0,0,0,0,20190425,20191214
071385,0,0,0,0,0,0,0,20190425,20191214
071386,0,0,0,0,0,0,0,20190425,20191214
071387,0,0,0,0,0,0,0,20190425,20191214
071389,0,0,0,0,0,0,0,20190425,20191214
071390,0,0,0,0,0,0,0,20190425,20191214
071391,0,0,0,0,0,0,0,20190425,20191214
071392,0,0,0,0,0,0,0,20190425,20191214
071393,0,0,0,0,0,0,0,20190425,20191214
071394,0,0,0,0,0,0,0,20190425,20191214
071397,0,0,0,0,0,0,0,20190425,20191214
071398,0,0,0,0,0,0,0,20190425,20191214
071399,0,0,0,0,0,0,0,20190425,20191214
071400,0,0,0,0,0,0,0,20190425,20191214
071401,0,0,0,0,0,0,0,20190425,20191214
071403,0,0,0,0,0,0,0,20190425,20191214
071407,0,0,0,0,0,0,0,20190425,20191214
071409,0,0,0,0,0,0,0,20190425,20191214
071410,0,0,0,0,0,0,0,20190425,20191214
071411,0,0,0,0,0,0,0,20190425,20191214
071412,0,0,0,0,0,0,0,20190425,20191214
071415,0,0,0,0,0,0,0,20190425,20191214
071417,0,0,0,0,0,0,0,20190425,20191214
071421,0,0,0,0,0,0,0,20190425,20191214
071422,0,0,0,0,0,0,0,20190425,20191214
071423,0,0,0,0,0,0,0,20190425,20191214
071424,0,0,0,0,0,0,0,20190425,20191214
071425,0,0,0,0,0,0,0,20190425,20191214
071426,0,0,0,0,0,0,0,20190425,20191214
071427,0,0,0,0,0,0,0,20190425,20191214
071428,0,0,0,0,0,0,0,20190425,20191214
071431,0,0,0,0,0,0,0,20190425,20191214
071432,0,0,0,0,0,0,0,20190425,20191214
071433,0,0,0,0,0,0,0,20190425,20191214
071434,0,0,0,0,0,0,0,20190425,20191214
071440,0,0,0,0,0,0,0,20190425,20191214
071441,0,0,0,0,0,0,0,20190425,20191214
071442,0,0,0,0,0,0,0,20190425,20191214
071443,0,0,0,0,0,0,0,20190425,20191214
071444,0,0,0,0,0,0,0,20190425,20191214
071445,0,0,0,0,0,0,0,20190425,20191214
071446,0,0,0,0,0,0,0,20190425,20191214
071447,0,0,0,0,0,0,0,20190425,20191214
071448,0,0,0,0,0,0,0,20190425,20191214
071449,0,0,0,0,0,0,0,20190425,20191214
071450,0,0,0,0,0,0,0,20190425,20191214
071451,0,0,0,0,0,0,0,20190425,20191214
071452,0,0,0,0,0,0,0,20190425,20191214
071453,0,0,0,0,0,0,0,20190425,20191214
071454,0,0,0,0,0,0,0,20190425,20191214
071455,0,0,0,0,0,0,0,20190425,20191214
071456,0,0,0,0,0,0,0,20190425,20191214
071457,0,0,0,0,0,0,0,20190425,20191214
071458,0,0,0,0,0,0,0,20190425,20191214
071459,0,0,0,0,0,0,0,20190425,20191214
071460,0,0,0,0,0,0,0,20190425,20191214
071461,0,0,0,0,0,0,0,20190425,20191214
071462,0,0,0,0,0,0,0,20190425,20191214
071464,0,0,0,0,0,0,0,20190425,20191214
071465,0,0,0,0,0,0,0,20190425,20191214
071466,0,0,0,0,0,0,0,20190425,20191214
071467,0,0,0,0,0,0,0,20190425,20191214
071468,0,0,0,0,0,0,0,20190425,20191214
071469,0,0,0,0,0,0,0,20190425,20191214
071474,0,0,0,0,0,0,0,20190425,20191214
071476,0,0,0,0,0,0,0,20190425,20191214
071477,0,0,0,0,0,0,0,20190425,20191214
071478,0,0,0,0,0,0,0,20190425,20191214
071479,0,0,0,0,0,0,0,20190425,20191214
071480,0,0,0,0,0,0,0,20190425,20191214
071481,0,0,0,0,0,0,0,20190425,20191214
071482,0,0,0,0,0,0,0,20190425,20191214
071483,0,0,0,0,0,0,0,20190425,20191214
071484,0,0,0,0,0,0,0,20190425,20191214
071486,0,0,0,0,0,0,0,20190425,20191214
071487,0,0,0,0,0,0,0,20190425,20191214
071488,0,0,0,0,0,0,0,20190425,20191214
071489,0,0,0,0,0,0,0,20190425,20191214
071490,0,0,0,0,0,0,0,20190425,20191214
071494,0,0,0,0,0,0,0,20190425,20191214
071495,0,0,0,0,0,0,0,20190425,20191214
071496,0,0,0,0,0,0,0,20190425,20191214
071497,0,0,0,0,0,0,0,20190425,20191214
071498,0,0,0,0,0,0,0,20190425,20191214
071501,0,0,0,0,0,0,0,20190425,20191214
071502,0,0,0,0,0,0,0,20190425,20191214
071503,0,0,0,0,0,0,0,20190425,20191214
071504,0,0,0,0,0,0,0,20190425,20191214
071505,0,0,0,0,0,0,0,20190425,20191214
071506,0,0,0,0,0,0,0,20190425,20191214
071507,0,0,0,0,0,0,0,20190425,20191214
071508,0,0,0,0,0,0,0,20190425,20191214
071509,0,0,0,0,0,0,0,20190425,20191214
071510,0,0,0,0,0,0,0,20190425,20191214
071511,0,0,0,0,0,0,0,20190425,20191214
071512,0,0,0,0,0,0,0,20190425,20191214
071513,0,0,0,0,0,0,0,20190425,20191214
071514,0,0,0,0,0,0,0,20190425,20191214
071515,0,0,0,0,0,0,0,20190425,20191214
071516,0,0,0,0,0,0,0,20190425,20191214
071517,0,0,0,0,0,0,0,20190425,20191214
071518,0,0,0,0,0,0,0,20190425,20191214
071519,0,0,0,0,0,0,0,20190425,20191214
071520,0,0,0,0,0,0,0,20190425,20191214
071521,0,0,0,0,0,0,0,20190425,20191214
071522,0,0,0,0,0,0,0,20190425,20191214
071523,0,0,0,0,0,0,0,20190425,20191214
071524,0,0,0,0,0,0,0,20190425,20191214
071525,0,0,0,0,0,0,0,20190425,20191214
071526,0,0,0,0,0,0,0,20190425,20191214
071527,0,0,0,0,0,0,0,20190425,20191214
071528,0,0,0,0,0,0,0,20190425,20191214
071529,0,0,0,0,0,0,0,20190425,20191214
071530,0,0,0,0,0,0,0,20190425,20191214
071531,0,0,0,0,0,0,0,20190425,20191214
071532,0,0,0,0,0,0,0,20190425,20191214
071533,0,0,0,0,0,0,0,20190425,20191214
071534,0,0,0,0,0,0,0,20190425,20191214
071535,0,0,0,0,0,0,0,20190425,20191214
071536,0,0,0,0,0,0,0,20190425,20191214
071537,0,0,0,0,0,0,0,20190425,20191214
071538,0,0,0,0,0,0,0,20190425,20191214
071539,0,0,0,0,0,0,0,20190425,20191214
071540,0,0,0,0,0,0,0,20190425,20191214
071541,0,0,0,0,0,0,0,20190425,20191214
071542,0,0,0,0,0,0,0,20190425,20191214
071543,0,0,0,0,0,0,0,20190425,20191214
071544,0,0,0,0,0,0,0,20190425,20191214
071545,0,0,0,0,0,0,0,20190425,20191214
071546,0,0,0,0,0,0,0,20190425,20191214
071547,0,0,0,0,0,0,0,20190425,20191214
071548,0,0,0,0,0,0,0,20190425,20191214
071549,0,0,0,0,0,0,0,20190425,20191214
071550,0,0,0,0,0,0,0,20190425,20191214
071551,0,0,0,0,0,0,0,20190425,20191214
071554,0,0,0,0,0,0,0,20190425,20191214
071555,0,0,0,0,0,0,0,20190425,20191214
071559,0,0,0,0,0,0,0,20190425,20191214
071560,0,0,0,0,0,0,0,20190425,20191214
071569,0,0,0,0,0,0,0,20190425,20191214
071570,0,0,0,0,0,0,0,20190425,20191214
071572,0,0,0,0,0,0,0,20190425,20191214
071573,0,0,0,0,0,0,0,20190425,20191214
071574,0,0,0,0,0,0,0,20190425,20191214
071575,0,0,0,0,0,0,0,20190425,20191214
071576,0,0,0,0,0,0,0,20190425,20191214
071593,0,0,0,0,0,0,0,20190425,20191214
071594,0,0,0,0,0,0,0,20190425,20191214
071595,0,0,0,0,0,0,0,20190425,20191214
071596,0,0,0,0,0,0,0,20190425,20191214
071597,0,0,0,0,0,0,0,20190425,20191214
071598,0,0,0,0,0,0,0,20190425,20191214
071599,0,0,0,0,0,0,0,20190425,20191214
071619,0,0,0,0,0,0,0,20190425,20191214
071620,0,0,0,0,0,0,0,20190425,20191214
071633,0,0,0,0,0,0,0,20190425,20191214
071645,0,0,0,0,0,0,0,20190425,20191214
071646,0,0,0,0,0,0,0,20190425,20191214
071647,0,0,0,0,0,0,0,20190425,20191214
071648,0,0,0,0,0,0,0,20190425,20191214
071649,0,0,0,0,0,0,0,20190425,20191214
071650,0,0,0,0,0,0,0,20190425,20191214
071659,0,0,0,0,0,0,0,20190425,20191214
071660,0,0,0,0,0,0,0,20190425,20191214
071687,0,0,0,0,0,0,0,20190425,20191214
071688,0,0,0,0,0,0,0,20190425,20191214
071689,0,0,0,0,0,0,0,20190425,20191214
071692,0,0,0,0,0,0,0,20190425,20191214
071693,0,0,0,0,0,0,0,20190425,20191214
071694,0,0,0,0,0,0,0,20190425,20191214
071695,0,0,0,0,0,0,0,20190425,20191214
071696,0,0,0,0,0,0,0,20190425,20191214
071697,0,0,0,0,0,0,0,20190425,20191214
071698,0,0,0,0,0,0,0,20190425,20191214
071701,0,0,0,0,0,0,0,20190425,20191214
071702,0,0,0,0,0,0,0,20190425,20191214
071703,0,0,0,0,0,0,0,20190425,20191214
071712,0,0,0,0,0,0,0,20190425,20191214
071717,0,0,0,0,0,0,0,20190425,20191214
071718,0,0,0,0,0,0,0,20190425,20191214
071719,0,0,0,0,0,0,0,20190425,20191214
071720,0,0,0,0,0,0,0,20190425,20191214
071721,0,0,0,0,0,0,0,20190425,20191214
071722,0,0,0,0,0,0,0,20190425,20191214
071723,0,0,0,0,0,0,0,20190425,20191214
071725,0,0,0,0,0,0,0,20190425,20191214
071729,0,0,0,0,0,0,0,20190425,20191214
071730,0,0,0,0,0,0,0,20190425,20191214
071731,0,0,0,0,0,0,0,20190425,20191214
071732,0,0,0,0,0,0,0,20190425,20191214
071733,0,0,0,0,0,0,0,20190425,20191214
071734,0,0,0,0,0,0,0,20190425,20191214
071735,0,0,0,0,0,0,0,20190425,20191214
071736,0,0,0,0,0,0,0,20190425,20191214
071737,0,0,0,0,0,0,0,20190425,20191214
071738,0,0,0,0,0,0,0,20190425,20191214
071739,0,0,0,0,0,0,0,20190425,20191214
071740,0,0,0,0,0,0,0,20190425,20191214
071741,0,0,0,0,0,0,0,20190425,20191214
071742,0,0,0,0,0,0,0,20190425,20191214
071743,0,0,0,0,0,0,0,20190425,20191214
071744,0,0,0,0,0,0,0,20190425,20191214
071745,0,0,0,0,0,0,0,20190425,20191214
071746,0,0,0,0,0,0,0,20190425,20191214
071747,0,0,0,0,0,0,0,20190425,20191214
071748,0,0,0,0,0,0,0,20190425,20191214
071749,0,0,0,0,0,0,0,20190425,20191214
071750,0,0,0,0,0,0,0,20190425,20191214
071751,0,0,0,0,0,0,0,20190425,20191214
071752,0,0,0,0,0,0,0,20190425,20191214
071753,0,0,0,0,0,0,0,20190425,20191214
071754,0,0,0,0,0,0,0,20190425,20191214
071755,0,0,0,0,0,0,0,20190425,20191214
071756,0,0,0,0,0,0,0,20190425,20191214
071757,0,0,0,0,0,0,0,20190425,20191214
071758,0,0,0,0,0,0,0,20190425,20191214
071759,0,0,0,0,0,0,0,20190425,20191214
071760,0,0,0,0,0,0,0,20190425,20191214
071761,0,0,0,0,0,0,0,20190425,20191214
071762,0,0,0,0,0,0,0,20190425,20191214
071763,0,0,0,0,0,0,0,20190425,20191214
071764,0,0,0,0,0,0,0,20190425,20191214
071765,0,0,0,0,0,0,0,20190425,20191214
071781,0,0,0,0,0,0,0,20190425,20191214
071782,0,0,0,0,0,0,0,20190425,20191214
071783,0,0,0,0,0,0,0,20190425,20191214
071788,0,0,0,0,0,0,0,20190425,20191214
071789,0,0,0,0,0,0,0,20190425,20191214
071790,0,0,0,0,0,0,0,20190425,20191214
071791,0,0,0,0,0,0,0,20190425,20191214
071792,0,0,0,0,0,0,0,20190425,20191214
071793,0,0,0,0,0,0,0,20190425,20191214
071794,0,0,0,0,0,0,0,20190425,20191214
071795,0,0,0,0,0,0,0,20190425,20191214
071796,0,0,0,0,0,0,0,20190425,20191214
071797,0,0,0,0,0,0,0,20190425,20191214
071803,0,0,0,0,0,0,0,20190425,20191214
071804,0,0,0,0,0,0,0,20190425,20191214
071805,0,0,0,0,0,0,0,20190425,20191214
071806,0,0,0,0,0,0,0,20190425,20191214
071807,0,0,0,0,0,0,0,20190425,20191214
071808,0,0,0,0,0,0,0,20190425,20191214
071809,0,0,0,0,0,0,0,20190425,20191214
071810,0,0,0,0,0,0,0,20190425,20191214
071811,0,0,0,0,0,0,0,20190425,20191214
071812,0,0,0,0,0,0,0,20190425,20191214
071813,0,0,0,0,0,0,0,20190425,20191214
071814,0,0,0,0,0,0,0,20190425,20191214
071815,0,0,0,0,0,0,0,20190425,20191214
071816,0,0,0,0,0,0,0,20190425,20191214
071817,0,0,0,0,0,0,0,20190425,20191214
071818,0,0,0,0,0,0,0,20190425,20191214
071819,0,0,0,0,0,0,0,20190425,20191214
071820,0,0,0,0,0,0,0,20190425,20191214
071821,0,0,0,0,0,0,0,20190425,20191214
071822,0,0,0,0,0,0,0,20190425,20191214
071823,0,0,0,0,0,0,0,20190425,20191214
071824,0,0,0,0,0,0,0,20190425,20191214
071825,0,0,0,0,0,0,0,20190425,20191214
071826,0,0,0,0,0,0,0,20190425,20191214
071827,0,0,0,0,0,0,0,20190425,20191214
071828,0,0,0,0,0,0,0,20190425,20191214
071829,0,0,0,0,0,0,0,20190425,20191214
071830,0,0,0,0,0,0,0,20190425,20191214
071831,0,0,0,0,0,0,0,20190425,20191214
071832,0,0,0,0,0,0,0,20190425,20191214
071833,0,0,0,0,0,0,0,20190425,20191214
071834,0,0,0,0,0,0,0,20190425,20191214
071835,0,0,0,0,0,0,0,20190425,20191214
071836,0,0,0,0,0,0,0,20190425,20191214
071837,0,0,0,0,0,0,0,20190425,20191214
071838,0,0,0,0,0,0,0,20190425,20191214
071839,0,0,0,0,0,0,0,20190425,20191214
071840,0,0,0,0,0,0,0,20190425,20191214
071841,0,0,0,0,0,0,0,20190425,20191214
071842,0,0,0,0,0,0,0,20190425,20191214
071843,0,0,0,0,0,0,0,20190425,20191214
071844,0,0,0,0,0,0,0,20190425,20191214
071845,0,0,0,0,0,0,0,20190425,20191214
071846,0,0,0,0,0,0,0,20190425,20191214
071847,0,0,0,0,0,0,0,20190425,20191214
071848,0,0,0,0,0,0,0,20190425,20191214
071849,0,0,0,0,0,0,0,20190425,20191214
071850,0,0,0,0,0,0,0,20190425,20191214
071851,0,0,0,0,0,0,0,20190425,20191214
071852,0,0,0,0,0,0,0,20190425,20191214
071853,0,0,0,0,0,0,0,20190425,20191214
071854,0,0,0,0,0,0,0,20190425,20191214
071855,0,0,0,0,0,0,0,20190425,20191214
071856,0,0,0,0,0,0,0,20190425,20191214
071857,0,0,0,0,0,0,0,20190425,20191214
071858,0,0,0,0,0,0,0,20190425,20191214
071859,0,0,0,0,0,0,0,20190425,20191214
071860,0,0,0,0,0,0,0,20190425,20191214
071861,0,0,0,0,0,0,0,20190425,20191214
071862,0,0,0,0,0,0,0,20190425,20191214
071863,0,0,0,0,0,0,0,20190425,20191214
071864,0,0,0,0,0,0,0,20190425,20191214
071865,0,0,0,0,0,0,0,20190425,20191214
071866,0,0,0,0,0,0,0,20190425,20191214
071867,0,0,0,0,0,0,0,20190425,20191214
071868,0,0,0,0,0,0,0,20190425,20191214
071869,0,0,0,0,0,0,0,20190425,20191214
071870,0,0,0,0,0,0,0,20190425,20191214
071871,0,0,0,0,0,0,0,20190425,20191214
071872,0,0,0,0,0,0,0,20190425,20191214
071873,0,0,0,0,0,0,0,20190425,20191214
071874,0,0,0,0,0,0,0,20190425,20191214
071875,0,0,0,0,0,0,0,20190425,20191214
071876,0,0,0,0,0,0,0,20190425,20191214
071880,0,0,0,0,0,0,0,20190425,20191214
071881,0,0,0,0,0,0,0,20190425,20191214
071882,0,0,0,0,0,0,0,20190425,20191214
071883,0,0,0,0,0,0,0,20190425,20191214
071884,0,0,0,0,0,0,0,20190425,20191214
071885,0,0,0,0,0,0,0,20190425,20191214
071886,0,0,0,0,0,0,0,20190425,20191214
071887,0,0,0,0,0,0,0,20190425,20191214
071888,0,0,0,0,0,0,0,20190425,20191214
071889,0,0,0,0,0,0,0,20190425,20191214
071890,0,0,0,0,0,0,0,20190425,20191214
071891,0,0,0,0,0,0,0,20190425,20191214
071892,0,0,0,0,0,0,0,20190425,20191214
071893,0,0,0,0,0,0,0,20190425,20191214
071894,0,0,0,0,0,0,0,20190425,20191214
071895,0,0,0,0,0,0,0,20190425,20191214
071896,0,0,0,0,0,0,0,20190425,20191214
071897,0,0,0,0,0,0,0,20190425,20191214
071898,0,0,0,0,0,0,0,20190425,20191214
071899,0,0,0,0,0,0,0,20190425,20191214
071900,0,0,0,0,0,0,0,20190425,20191214
071901,0,0,0,0,0,0,0,20190425,20191214
071902,0,0,0,0,0,0,0,20190425,20191214
071903,0,0,0,0,0,0,0,20190425,20191214
071904,0,0,0,0,0,0,0,20190425,20191214
071905,0,0,0,0,0,0,0,20190425,20191214
071906,0,0,0,0,0,0,0,20190425,20191214
071907,0,0,0,0,0,0,0,20190425,20191214
071908,0,0,0,0,0,0,0,20190425,20191214
071909,0,0,0,0,0,0,0,20190425,20191214
071910,0,0,0,0,0,0,0,20190425,20191214
071911,0,0,0,0,0,0,0,20190425,20191214
071912,0,0,0,0,0,0,0,20190425,20191214
071913,0,0,0,0,0,0,0,20190425,20191214
071914,0,0,0,0,0,0,0,20190425,20191214
071915,0,0,0,0,0,0,0,20190425,20191214
071916,0,0,0,0,0,0,0,20190425,20191214
071917,0,0,0,0,0,0,0,20190425,20191214
071918,0,0,0,0,0,0,0,20190425,20191214
071919,0,0,0,0,0,0,0,20190425,20191214
071920,0,0,0,0,0,0,0,20190425,20191214
071921,0,0,0,0,0,0,0,20190425,20191214
071922,0,0,0,0,0,0,0,20190425,20191214
071923,0,0,0,0,0,0,0,20190425,20191214
071924,0,0,0,0,0,0,0,20190425,20191214
071925,0,0,0,0,0,0,0,20190425,20191214
071926,0,0,0,0,0,0,0,20190425,20191214
071927,0,0,0,0,0,0,0,20190425,20191214
071928,0,0,0,0,0,0,0,20190425,20191214
071929,0,0,0,0,0,0,0,20190425,20191214
071930,0,0,0,0,0,0,0,20190425,20191214
071931,0,0,0,0,0,0,0,20190425,20191214
071932,0,0,0,0,0,0,0,20190425,20191214
071933,0,0,0,0,0,0,0,20190425,20191214
071934,0,0,0,0,0,0,0,20190425,20191214
071935,0,0,0,0,0,0,0,20190425,20191214
071936,0,0,0,0,0,0,0,20190425,20191214
071937,0,0,0,0,0,0,0,20190425,20191214
071938,0,0,0,0,0,0,0,20190425,20191214
071939,0,0,0,0,0,0,0,20190425,20191214
071940,0,0,0,0,0,0,0,20190425,20191214
071941,0,0,0,0,0,0,0,20190425,20191214
071942,0,0,0,0,0,0,0,20190425,20191214
071943,0,0,0,0,0,0,0,20190425,20191214
071944,0,0,0,0,0,0,0,20190425,20191214
071945,0,0,0,0,0,0,0,20190425,20191214
071946,0,0,0,0,0,0,0,20190425,20191214
071962,0,0,0,0,0,0,0,20190425,20191214
071963,0,0,0,0,0,0,0,20190425,20191214
071964,0,0,0,0,0,0,0,20190425,20191214
071965,0,0,0,0,0,0,0,20190425,20191214
071966,0,0,0,0,0,0,0,20190425,20191214
071967,0,0,0,0,0,0,0,20190425,20191214
071968,0,0,0,0,0,0,0,20190425,20191214
071969,0,0,0,0,0,0,0,20190425,20191214
071970,0,0,0,0,0,0,0,20190425,20191214
071971,0,0,0,0,0,0,0,20190425,20191214
071972,0,0,0,0,0,0,0,20190425,20191214
071973,0,0,0,0,0,0,0,20190425,20191214
071974,0,0,0,0,0,0,0,20190425,20191214
071975,0,0,0,0,0,0,0,20190425,20191214
071976,0,0,0,0,0,0,0,20190425,20191214
071977,0,0,0,0,0,0,0,20190425,20191214
071981,0,0,0,0,0,0,0,20190425,20191214
071982,0,0,0,0,0,0,0,20190425,20191214
071983,0,0,0,0,0,0,0,20190425,20191214
071984,0,0,0,0,0,0,0,20190425,20191214
071985,0,0,0,0,0,0,0,20190425,20191214
071986,0,0,0,0,0,0,0,20190425,20191214
071987,0,0,0,0,0,0,0,20190425,20191214
071988,0,0,0,0,0,0,0,20190425,20191214
071989,0,0,0,0,0,0,0,20190425,20191214
071990,0,0,0,0,0,0,0,20190425,20191214
071991,0,0,0,0,0,0,0,20190425,20191214
071992,0,0,0,0,0,0,0,20190425,20191214
071993,0,0,0,0,0,0,0,20190425,20191214
071994,0,0,0,0,0,0,0,20190425,20191214
071995,0,0,0,0,0,0,0,20190425,20191214
071996,0,0,0,0,0,0,0,20190425,20191214
071997,0,0,0,0,0,0,0,20190425,20191214
071998,0,0,0,0,0,0,0,20190425,20191214
071999,0,0,0,0,0,0,0,20190425,20191214
072000,0,0,0,0,0,0,0,20190425,20191214
072001,0,0,0,0,0,0,0,20190425,20191214
072002,0,0,0,0,0,0,0,20190425,20191214
072003,0,0,0,0,0,0,0,20190425,20191214
072004,0,0,0,0,0,0,0,20190425,20191214
072005,0,0,0,0,0,0,0,20190425,20191214
072006,0,0,0,0,0,0,0,20190425,20191214
072007,0,0,0,0,0,0,0,20190425,20191214
072008,0,0,0,0,0,0,0,20190425,20191214
072009,0,0,0,0,0,0,0,20190425,20191214
072010,0,0,0,0,0,0,0,20190425,20191214
072011,0,0,0,0,0,0,0,20190425,20191214
072012,0,0,0,0,0,0,0,20190425,20191214
072013,0,0,0,0,0,0,0,20190425,20191214
072014,0,0,0,0,0,0,0,20190425,20191214
072015,0,0,0,0,0,0,0,20190425,20191214
072016,0,0,0,0,0,0,0,20190425,20191214
072017,0,0,0,0,0,0,0,20190425,20191214
072018,0,0,0,0,0,0,0,20190425,20191214
072019,0,0,0,0,0,0,0,20190425,20191214
072020,0,0,0,0,0,0,0,20190425,20191214
072021,0,0,0,0,0,0,0,20190425,20191214
072022,0,0,0,0,0,0,0,20190425,20191214
072023,0,0,0,0,0,0,0,20190425,20191214
072024,0,0,0,0,0,0,0,20190425,20191214
072025,0,0,0,0,0,0,0,20190425,20191214
072026,0,0,0,0,0,0,0,20190425,20191214
072027,0,0,0,0,0,0,0,20190425,20191214
072028,0,0,0,0,0,0,0,20190425,20191214
072029,0,0,0,0,0,0,0,20190425,20191214
072030,0,0,0,0,0,0,0,20190425,20191214
072031,0,0,0,0,0,0,0,20190425,20191214
072032,0,0,0,0,0,0,0,20190425,20191214
072033,0,0,0,0,0,0,0,20190425,20191214
072034,0,0,0,0,0,0,0,20190425,20191214
072035,0,0,0,0,0,0,0,20190425,20191214
072036,0,0,0,0,0,0,0,20190425,20191214
072037,0,0,0,0,0,0,0,20190425,20191214
072038,0,0,0,0,0,0,0,20190425,20191214
072039,0,0,0,0,0,0,0,20190425,20191214
072040,0,0,0,0,0,0,0,20190425,20191214
072041,0,0,0,0,0,0,0,20190425,20191214
072042,0,0,0,0,0,0,0,20190425,20191214
072043,0,0,0,0,0,0,0,20190425,20191214
072044,0,0,0,0,0,0,0,20190425,20191214
072045,0,0,0,0,0,0,0,20190425,20191214
072046,0,0,0,0,0,0,0,20190425,20191214
072047,0,0,0,0,0,0,0,20190425,20191214
072048,0,0,0,0,0,0,0,20190425,20191214
072049,0,0,0,0,0,0,0,20190425,20191214
072050,0,0,0,0,0,0,0,20190425,20191214
072051,0,0,0,0,0,0,0,20190425,20191214
072052,0,0,0,0,0,0,0,20190425,20191214
072053,0,0,0,0,0,0,0,20190425,20191214
072054,0,0,0,0,0,0,0,20190425,20191214
072055,0,0,0,0,0,0,0,20190425,20191214
072056,0,0,0,0,0,0,0,20190425,20191214
072057,0,0,0,0,0,0,0,20190425,20191214
072058,0,0,0,0,0,0,0,20190425,20191214
072059,0,0,0,0,0,0,0,20190425,20191214
072060,0,0,0,0,0,0,0,20190425,20191214
072061,0,0,0,0,0,0,0,20190425,20191214
072062,0,0,0,0,0,0,0,20190425,20191214
072063,0,0,0,0,0,0,0,20190425,20191214
072064,0,0,0,0,0,0,0,20190425,20191214
072065,0,0,0,0,0,0,0,20190425,20191214
072066,0,0,0,0,0,0,0,20190425,20191214
072067,0,0,0,0,0,0,0,20190425,20191214
072068,0,0,0,0,0,0,0,20190425,20191214
072069,0,0,0,0,0,0,0,20190425,20191214
072070,0,0,0,0,0,0,0,20190425,20191214
072071,0,0,0,0,0,0,0,20190425,20191214
072072,0,0,0,0,0,0,0,20190425,20191214
072073,0,0,0,0,0,0,0,20190425,20191214
072074,0,0,0,0,0,0,0,20190425,20191214
072075,0,0,0,0,0,0,0,20190425,20191214
072076,0,0,0,0,0,0,0,20190425,20191214
072077,0,0,0,0,0,0,0,20190425,20191214
072078,0,0,0,0,0,0,0,20190425,20191214
072079,0,0,0,0,0,0,0,20190425,20191214
072080,0,0,0,0,0,0,0,20190425,20191214
072081,0,0,0,0,0,0,0,20190425,20191214
072082,0,0,0,0,0,0,0,20190425,20191214
072083,0,0,0,0,0,0,0,20190425,20191214
072084,0,0,0,0,0,0,0,20190425,20191214
072085,0,0,0,0,0,0,0,20190425,20191214
072086,0,0,0,0,0,0,0,20190425,20191214
072087,0,0,0,0,0,0,0,20190425,20191214
072088,0,0,0,0,0,0,0,20190425,20191214
072089,0,0,0,0,0,0,0,20190425,20191214
072090,0,0,0,0,0,0,0,20190425,20191214
072091,0,0,0,0,0,0,0,20190425,20191214
072092,0,0,0,0,0,0,0,20190425,20191214
072093,0,0,0,0,0,0,0,20190425,20191214
072094,0,0,0,0,0,0,0,20190425,20191214
072095,0,0,0,0,0,0,0,20190425,20191214
072096,0,0,0,0,0,0,0,20190425,20191214
072097,0,0,0,0,0,0,0,20190425,20191214
072098,0,0,0,0,0,0,0,20190425,20191214
072099,0,0,0,0,0,0,0,20190425,20191214
072100,0,0,0,0,0,0,0,20190425,20191214
072101,0,0,0,0,0,0,0,20190425,20191214
072102,0,0,0,0,0,0,0,20190425,20191214
072103,0,0,0,0,0,0,0,20190425,20191214
072104,0,0,0,0,0,0,0,20190425,20191214
072105,0,0,0,0,0,0,0,20190425,20191214
072106,0,0,0,0,0,0,0,20190425,20191214
072107,0,0,0,0,0,0,0,20190425,20191214
072108,0,0,0,0,0,0,0,20190425,20191214
072109,0,0,0,0,0,0,0,20190425,20191214
072110,0,0,0,0,0,0,0,20190425,20191214
072111,0,0,0,0,0,0,0,20190425,20191214
072112,0,0,0,0,0,0,0,20190425,20191214
072113,0,0,0,0,0,0,0,20190425,20191214
072114,0,0,0,0,0,0,0,20190425,20191214
072115,0,0,0,0,0,0,0,20190425,20191214
072116,0,0,0,0,0,0,0,20190425,20191214
072117,0,0,0,0,0,0,0,20190425,20191214
072118,0,0,0,0,0,0,0,20190425,20191214
072119,0,0,0,0,0,0,0,20190425,20191214
072120,0,0,0,0,0,0,0,20190425,20191214
072121,0,0,0,0,0,0,0,20190425,20191214
072122,0,0,0,0,0,0,0,20190425,20191214
072123,0,0,0,0,0,0,0,20190425,20191214
072124,0,0,0,0,0,0,0,20190425,20191214
072125,0,0,0,0,0,0,0,20190425,20191214
072126,0,0,0,0,0,0,0,20190425,20191214
072127,0,0,0,0,0,0,0,20190425,20191214
072128,0,0,0,0,0,0,0,20190425,20191214
072129,0,0,0,0,0,0,0,20190425,20191214
072130,0,0,0,0,0,0,0,20190425,20191214
072131,0,0,0,0,0,0,0,20190425,20191214
072132,0,0,0,0,0,0,0,20190425,20191214
072133,0,0,0,0,0,0,0,20190425,20191214
072134,0,0,0,0,0,0,0,20190425,20191214
072135,0,0,0,0,0,0,0,20190425,20191214
072136,0,0,0,0,0,0,0,20190425,20191214
072137,0,0,0,0,0,0,0,20190425,20191214
072138,0,0,0,0,0,0,0,20190425,20191214
072139,0,0,0,0,0,0,0,20190425,20191214
072140,0,0,0,0,0,0,0,20190425,20191214
072141,0,0,0,0,0,0,0,20190425,20191214
072142,0,0,0,0,0,0,0,20190425,20191214
072143,0,0,0,0,0,0,0,20190425,20191214
072144,0,0,0,0,0,0,0,20190425,20191214
072145,0,0,0,0,0,0,0,20190425,20191214
072146,0,0,0,0,0,0,0,20190425,20191214
072147,0,0,0,0,0,0,0,20190425,20191214
072148,0,0,0,0,0,0,0,20190425,20191214
072149,0,0,0,0,0,0,0,20190425,20191214
072150,0,0,0,0,0,0,0,20190425,20191214
072151,0,0,0,0,0,0,0,20190425,20191214
072152,0,0,0,0,0,0,0,20190425,20191214
072153,0,0,0,0,0,0,0,20190425,20191214
072154,0,0,0,0,0,0,0,20190425,20191214
072155,0,0,0,0,0,0,0,20190425,20191214
072156,0,0,0,0,0,0,0,20190425,20191214
072157,0,0,0,0,0,0,0,20190425,20191214
072158,0,0,0,0,0,0,0,20190425,20191214
072159,0,0,0,0,0,0,0,20190425,20191214
072160,0,0,0,0,0,0,0,20190425,20191214
072161,0,0,0,0,0,0,0,20190425,20191214
072162,0,0,0,0,0,0,0,20190425,20191214
072163,0,0,0,0,0,0,0,20190425,20191214
072164,0,0,0,0,0,0,0,20190425,20191214
072165,0,0,0,0,0,0,0,20190425,20191214
072166,0,0,0,0,0,0,0,20190425,20191214
072167,0,0,0,0,0,0,0,20190425,20191214
072168,0,0,0,0,0,0,0,20190425,20191214
072169,0,0,0,0,0,0,0,20190425,20191214
072170,0,0,0,0,0,0,0,20190425,20191214
072171,0,0,0,0,0,0,0,20190425,20191214
072172,0,0,0,0,0,0,0,20190425,20191214
072173,0,0,0,0,0,0,0,20190425,20191214
072174,0,0,0,0,0,0,0,20190425,20191214
072175,0,0,0,0,0,0,0,20190425,20191214
072184,0,0,0,0,0,0,0,20190425,20191214
072185,0,0,0,0,0,0,0,20190425,20191214
072186,0,0,0,0,0,0,0,20190425,20191214
072234,0,0,0,0,0,0,0,20190425,20191214
072235,0,0,0,0,0,0,0,20190425,20191214
072236,0,0,0,0,0,0,0,20190425,20191214
