from_stop_id,to_stop_id,transfer_type,min_transfer_time
0000165,8012187,2,300
0000692,0005043,2,420
0000692,8011071,2,600
0000719,0004031,2,780
0000719,0004032,2,900
0000719,0015664,2,480
0000746,8012199,2,660
0000772,0003359,2,240
0000773,0003344,2,240
0000784,0020159,2,720
0000784,8010368,2,600
0000915,8010351,2,180
0003344,0000773,2,240
0003349,0003358,2,360
0003358,0003349,2,360
0003359,0000772,2,240
0003363,0005919,2,180
0003511,0003529,2,1440
0003529,0003511,2,1440
0003543,8010146,2,300
0003864,0011000,2,420
0003864,8012304,2,180
0003937,0005197,2,240
0003948,8012867,2,600
0004031,0000719,2,780
0004031,0004032,2,540
0004031,0015664,2,540
0004032,0000719,2,900
0004032,0004031,2,540
0004032,0015664,2,840
0004061,0004122,2,420
0004061,8010390,2,660
0004081,0004097,2,360
0004083,0004099,2,540
0004086,0004087,2,540
0004086,8012682,2,900
0004087,0004086,2,540
0004087,8012682,2,600
0004097,0004081,2,360
0004099,0004083,2,540
0004122,0004061,2,420
0004122,8010390,2,240
0004127,0004128,2,300
0004128,0004127,2,300
0004178,8013297,2,300
0004258,0022506,2,240
0004268,0015842,2,180
0004280,0022504,2,180
0004282,8012034,2,180
0004290,0022508,2,120
0004295,8012012,2,480
0004315,8011573,2,60
0004338,8012743,2,240
0004339,8011993,2,120
0004340,0004462,2,240
0004340,8011103,2,780
0004376,0022502,2,300
0004376,8010240,2,180
0004397,0022509,2,180
0004404,8010019,2,300
0004406,0022506,2,300
0004406,0022507,2,300
0004457,8012167,2,300
0004462,0004340,2,240
0004462,8011103,2,600
0004976,0005065,2,720
0004984,8011814,2,300
0004989,0005027,2,480
0005009,8080570,2,120
0005027,0004989,2,480
0005036,0010430,2,240
0005039,0022582,2,600
0005039,8011376,2,600
0005043,0000692,2,420
0005043,8011071,2,180
0005059,8080620,2,360
0005061,0009354,2,240
0005065,0004976,2,720
0005096,8080560,2,300
0005122,8010160,2,480
0005127,0005217,2,240
0005127,8010162,2,180
0005147,8080590,2,420
0005156,0005165,2,420
0005165,0005156,2,420
0005196,8011813,2,240
0005197,0003937,2,240
0005207,8013448,2,360
0005217,0005127,2,240
0005217,8010162,2,420
0005226,0009791,2,300
0005226,0010133,2,600
0005226,8010232,2,600
0005236,8080580,2,120
0005245,8080600,2,480
0005659,0022505,2,180
0005688,0020077,2,1200
0005688,8012417,2,180
0005722,8080610,2,600
0005764,8012147,2,300
0005919,0003363,2,180
0009354,0005061,2,240
0009590,8011043,2,420
0009594,8011043,2,420
0009728,8011402,2,420
0009751,8013111,2,300
0009791,0005226,2,300
0009805,8012080,2,300
0009860,8011711,2,540
0009873,8011752,2,480
0009889,0011815,2,180
0009961,8011905,2,360
0010055,8012147,2,420
0010105,8012148,2,480
0010133,0005226,2,600
0010133,8010232,2,300
0010159,8012414,2,480
0010169,0010171,2,600
0010169,8012506,2,300
0010171,0010169,2,600
0010171,8012506,2,420
0010185,8012619,2,720
0010208,8012757,2,300
0010244,8013097,2,120
0010247,0010248,2,540
0010247,8013110,2,300
0010248,0010247,2,540
0010248,8013110,2,600
0010255,8013220,2,600
0010261,0019950,2,180
0010430,0005036,2,240
0010637,8010046,2,60
0010647,8010095,2,180
0010684,0016950,2,180
0010689,8010059,2,480
0010701,0010705,2,60
0010705,0010701,2,60
0010762,0011102,2,180
0010811,0012995,2,420
0010811,0013000,2,300
0010811,8010205,2,480
0010811,8071472,2,60
0010811,8098205,2,540
0010814,8010209,2,240
0010818,0011788,2,180
0010824,8012478,2,300
0010856,0011542,2,180
0010856,8010208,2,300
0010868,8012046,2,120
0010870,8012141,2,600
0010873,0013147,2,540
0010873,8012697,2,180
0010875,0012011,2,300
0010878,0012736,2,720
0010878,0012737,2,300
0010943,0011229,2,420
0010949,8013428,2,300
0010950,0011499,2,180
0010978,0011180,2,360
0010983,8012184,2,360
0010993,8011753,2,180
0010998,8012308,2,300
0011000,0003864,2,420
0011000,8012304,2,480
0011014,0011016,2,360
0011014,8012416,2,360
0011016,0011014,2,360
0011016,0016998,2,180
0011016,8012416,2,180
0011018,0011098,2,180
0011066,0015865,2,180
0011066,8013093,2,300
0011069,8080930,2,600
0011093,0012548,2,300
0011093,8011755,2,360
0011094,0012549,2,480
0011094,8012526,2,360
0011098,0011018,2,180
0011102,0010762,2,180
0011129,0012268,2,180
0011129,0013553,2,180
0011153,0011172,2,240
0011153,0011499,2,540
0011155,8010076,2,300
0011155,8080280,2,600
0011157,0011620,2,120
0011157,0020143,2,60
0011167,8011913,2,180
0011171,8011077,2,600
0011172,0011153,2,240
0011172,0011499,2,300
0011180,0010978,2,360
0011181,0011225,2,360
0011181,0013101,2,480
0011225,0011181,2,360
0011225,0013101,2,600
0011227,0013147,2,120
0011229,0010943,2,420
0011264,0016760,2,300
0011277,8012190,2,480
0011294,8011387,2,1200
0011316,8010159,2,300
0011320,0012967,2,120
0011321,8012181,2,420
0011327,8012194,2,420
0011331,8011491,2,420
0011336,8012194,2,300
0011407,8012196,2,420
0011412,8010205,2,480
0011434,0011435,2,300
0011434,0020087,2,120
0011435,0011434,2,300
0011435,0020087,2,300
0011442,8011242,2,420
0011448,8011222,2,720
0011464,8012463,2,540
0011499,0010950,2,180
0011499,0011153,2,540
0011499,0011172,2,300
0011505,0013138,2,300
0011524,0012558,2,300
0011542,0010856,2,180
0011542,8010208,2,480
0011545,0011548,2,120
0011546,0020173,2,360
0011548,0011545,2,120
0011552,0012604,2,120
0011552,0012606,2,480
0011576,8013361,2,240
0011581,8010122,2,300
0011616,8011588,2,300
0011620,0011157,2,120
0011620,0020143,2,120
0011633,0022634,2,120
0011637,8010134,2,600
0011647,8011745,2,240
0011648,8011598,2,240
0011692,0012205,2,120
0011699,8010186,2,180
0011702,8012344,2,300
0011724,8012241,2,600
0011727,8013138,2,180
0011754,8012731,2,480
0011770,8012817,2,360
0011788,0010818,2,180
0011814,8012311,2,600
0011815,0009889,2,180
0011820,8012311,2,300
0011858,0020031,2,240
0011869,8012371,2,180
0011878,8012623,2,660
0011896,0019955,2,180
0011950,0011952,2,120
0011952,0011950,2,120
0011952,8010008,2,300
0012000,8013428,2,600
0012011,0010875,2,300
0012012,8013095,2,1200
0012032,8011491,2,240
0012045,8010059,2,600
0012073,0012075,2,180
0012075,0012073,2,180
0012080,8012343,2,480
0012108,0012111,2,360
0012108,0012518,2,360
0012111,0012108,2,360
0012116,8010269,2,300
0012141,8013447,2,300
0012145,8012186,2,300
0012163,8012656,2,360
0012205,0011692,2,120
0012217,8012192,2,240
0012252,0015811,2,120
0012265,8011495,2,480
0012268,0011129,2,180
0012270,8012375,2,300
0012285,8080840,2,360
0012316,8012236,2,360
0012318,8012236,2,480
0012325,8012178,2,600
0012327,8011771,2,480
0012361,8010238,2,360
0012378,8012097,2,360
0012385,0012648,2,240
0012385,0012654,2,900
0012399,0012403,2,300
0012399,8011913,2,420
0012403,0012399,2,300
0012405,8012197,2,180
0012409,8012228,2,600
0012459,8011900,2,480
0012461,0012481,2,300
0012481,0012461,2,300
0012487,0012895,2,300
0012509,8011077,2,300
0012511,8010003,2,420
0012514,0012515,2,300
0012515,0012514,2,300
0012518,0012108,2,360
0012548,0011093,2,300
0012549,0011094,2,480
0012549,8012526,2,120
0012551,8011755,2,300
0012556,8012355,2,1200
0012558,0011524,2,300
0012569,8012661,2,360
0012602,0012604,2,120
0012602,0012606,2,480
0012604,0011552,2,120
0012604,0012602,2,120
0012606,0011552,2,480
0012606,0012602,2,480
0012648,0012385,2,240
0012648,0012654,2,720
0012653,8011983,2,300
0012654,0012385,2,900
0012654,0012648,2,720
0012654,8011959,2,240
0012692,8012865,2,180
0012707,8010207,2,360
0012736,0010878,2,720
0012736,0012737,2,600
0012737,0010878,2,300
0012737,0012736,2,600
0012740,8010202,2,360
0012751,8013471,2,120
0012811,8013093,2,420
0012895,0012487,2,300
0012906,8010243,2,180
0012967,0011320,2,120
0012969,8012188,2,360
0012974,8012193,2,420
0012992,8012202,2,360
0012995,0010811,2,420
0012995,0013000,2,300
0012995,8010205,2,600
0012995,8071472,2,420
0012995,8098205,2,360
0012997,8010228,2,300
0013000,0010811,2,300
0013000,0012995,2,300
0013000,8010205,2,420
0013000,8071472,2,300
0013000,8098205,2,240
0013003,8010206,2,480
0013039,8011705,2,180
0013101,0011181,2,480
0013101,0011225,2,600
0013125,8012195,2,480
0013131,8013070,2,300
0013138,0011505,2,300
0013147,0010873,2,540
0013147,0011227,2,120
0013284,8012196,2,360
0013553,0011129,2,180
0015664,0000719,2,480
0015664,0004031,2,540
0015664,0004032,2,840
0015738,8010205,2,480
0015801,8011905,2,360
0015811,0012252,2,120
0015842,0004268,2,180
0015842,8012415,2,180
0015847,8010161,2,600
0015865,0011066,2,180
0015865,8013093,2,120
0016153,8070695,2,180
0016154,8070697,2,300
0016155,8070696,2,600
0016160,8070691,2,300
0016184,8013461,2,300
0016185,8070685,2,420
0016185,8070686,2,420
0016243,8070693,2,60
0016244,8070692,2,300
0016760,0011264,2,300
0016787,0016788,2,360
0016787,8011018,2,480
0016788,0016787,2,360
0016788,8011018,2,480
0016802,0016803,2,180
0016802,8011132,2,1080
0016803,0016802,2,180
0016803,8011132,2,1080
0016806,0016807,2,480
0016806,8013362,2,600
0016807,0016806,2,480
0016807,8013362,2,420
0016923,8010144,2,480
0016927,8011763,2,240
0016928,8011763,2,480
0016950,0010684,2,180
0016961,0016962,2,360
0016961,8012117,2,900
0016962,0016961,2,360
0016962,8012117,2,720
0016998,0011016,2,180
0016998,8012416,2,360
0017015,0017016,2,180
0017015,8012597,2,1080
0017016,0017015,2,180
0017016,8012597,2,900
0017063,8013087,2,240
0017192,8070689,2,60
0017193,8070689,2,300
0017203,8011131,2,600
0017231,8011339,2,300
0017348,8070199,2,300
0017349,8070199,2,600
0017355,8070660,2,60
0017432,8011131,2,420
0017457,8070699,2,600
0017457,8070700,2,420
0017478,0017480,2,60
0017480,0017478,2,60
0017521,8070698,2,300
0017541,8070688,2,420
0017548,8070688,2,420
0017556,8070688,2,420
0017559,8070688,2,300
0017564,8070688,2,480
0017648,0019916,2,0
0017658,8070690,2,300
0017667,8070691,2,120
0017668,8070691,2,420
0019916,0017648,2,0
0019928,8012183,2,180
0019950,0010261,2,180
0019955,0011896,2,180
0020031,0011858,2,240
0020077,0005688,2,1200
0020077,8012417,2,1200
0020087,0011434,2,120
0020087,0011435,2,300
0020143,0011157,2,60
0020143,0011620,2,120
0020158,8012204,2,120
0020159,0000784,2,720
0020159,8010368,2,900
0020166,8010155,2,120
0020173,0011546,2,360
0020174,8012863,2,720
0022470,0022866,2,360
0022470,8013240,2,360
0022502,0004376,2,300
0022502,8010240,2,180
0022504,0004280,2,180
0022505,0005659,2,180
0022505,0022506,2,240
0022506,0004258,2,240
0022506,0004406,2,300
0022506,0022505,2,240
0022506,0022507,2,120
0022507,0004406,2,300
0022507,0022506,2,120
0022507,0022508,2,300
0022508,0004290,2,120
0022508,0022507,2,300
0022509,0004397,2,180
0022519,8012311,2,240
0022575,8012731,2,120
0022582,0005039,2,600
0022582,8011376,2,1200
0022634,0011633,2,120
0022866,0022470,2,360
0022866,8013240,2,240
0022931,8010059,2,240
0022943,8012682,2,180
0030056,8011626,2,240
0096329,8010134,2,240
8010003,0012511,2,420
8010008,0011952,2,300
8010019,0004404,2,300
8010046,0010637,2,60
8010059,0010689,2,480
8010059,0012045,2,600
8010059,0022931,2,240
8010076,0011155,2,300
8010076,8080280,2,720
8010095,0010647,2,180
8010122,0011581,2,300
8010134,0011637,2,600
8010134,0096329,2,240
8010144,0016923,2,480
8010146,0003543,2,300
8010155,0020166,2,120
8010159,0011316,2,300
8010160,0005122,2,480
8010161,0015847,2,600
8010162,0005127,2,180
8010162,0005217,2,420
8010186,0011699,2,180
8010202,0012740,2,360
8010205,0010811,2,480
8010205,0011412,2,480
8010205,0012995,2,600
8010205,0013000,2,420
8010205,0015738,2,480
8010205,8071472,2,540
8010205,8098205,2,540
8010206,0013003,2,480
8010207,0012707,2,360
8010208,0010856,2,300
8010208,0011542,2,480
8010209,0010814,2,240
8010228,0012997,2,300
8010232,0005226,2,600
8010232,0010133,2,300
8010238,0012361,2,360
8010240,0004376,2,180
8010240,0022502,2,180
8010243,0012906,2,180
8010269,0012116,2,300
8010351,0000915,2,180
8010368,0000784,2,600
8010368,0020159,2,900
8010390,0004061,2,660
8010390,0004122,2,240
8011018,0016787,2,480
8011018,0016788,2,480
8011043,0009590,2,420
8011043,0009594,2,420
8011071,0000692,2,600
8011071,0005043,2,180
8011077,0011171,2,600
8011077,0012509,2,300
8011103,0004340,2,780
8011103,0004462,2,600
8011131,0017203,2,600
8011131,0017432,2,420
8011132,0016802,2,1080
8011132,0016803,2,1080
8011222,0011448,2,720
8011242,0011442,2,420
8011339,0017231,2,300
8011376,0005039,2,600
8011376,0022582,2,1200
8011387,0011294,2,1200
8011402,0009728,2,420
8011491,0011331,2,420
8011491,0012032,2,240
8011495,0012265,2,480
8011573,0004315,2,60
8011588,0011616,2,300
8011598,0011648,2,240
8011626,0030056,2,240
8011705,0013039,2,180
8011711,0009860,2,540
8011745,0011647,2,240
8011752,0009873,2,480
8011753,0010993,2,180
8011755,0011093,2,360
8011755,0012551,2,300
8011763,0016927,2,240
8011763,0016928,2,480
8011771,0012327,2,480
8011813,0005196,2,240
8011814,0004984,2,300
8011900,0012459,2,480
8011905,0009961,2,360
8011905,0015801,2,360
8011913,0011167,2,180
8011913,0012399,2,420
8011959,0012654,2,240
8011983,0012653,2,300
8011993,0004339,2,120
8012012,0004295,2,480
8012034,0004282,2,180
8012046,0010868,2,120
8012080,0009805,2,300
8012097,0012378,2,360
8012117,0016961,2,900
8012117,0016962,2,720
8012141,0010870,2,600
8012147,0005764,2,300
8012147,0010055,2,420
8012148,0010105,2,480
8012167,0004457,2,300
8012178,0012325,2,600
8012181,0011321,2,420
8012183,0019928,2,180
8012184,0010983,2,360
8012186,0012145,2,300
8012187,0000165,2,300
8012188,0012969,2,360
8012190,0011277,2,480
8012192,0012217,2,240
8012193,0012974,2,420
8012194,0011327,2,420
8012194,0011336,2,300
8012195,0013125,2,480
8012196,0011407,2,420
8012196,0013284,2,360
8012197,0012405,2,180
8012199,0000746,2,660
8012202,0012992,2,360
8012204,0020158,2,120
8012228,0012409,2,600
8012236,0012316,2,360
8012236,0012318,2,480
8012241,0011724,2,600
8012304,0003864,2,180
8012304,0011000,2,480
8012308,0010998,2,300
8012311,0011814,2,600
8012311,0011820,2,300
8012311,0022519,2,240
8012343,0012080,2,480
8012344,0011702,2,300
8012355,0012556,2,1200
8012371,0011869,2,180
8012375,0012270,2,300
8012414,0010159,2,480
8012415,0015842,2,180
8012416,0011014,2,360
8012416,0011016,2,180
8012416,0016998,2,360
8012417,0005688,2,180
8012417,0020077,2,1200
8012463,0011464,2,540
8012478,0010824,2,300
8012506,0010169,2,300
8012506,0010171,2,420
8012526,0011094,2,360
8012526,0012549,2,120
8012597,0017015,2,1080
8012597,0017016,2,900
8012619,0010185,2,720
8012623,0011878,2,660
8012656,0012163,2,360
8012661,0012569,2,360
8012682,0004086,2,900
8012682,0004087,2,600
8012682,0022943,2,180
8012697,0010873,2,180
8012731,0011754,2,480
8012731,0022575,2,120
8012743,0004338,2,240
8012757,0010208,2,300
8012817,0011770,2,360
8012863,0020174,2,720
8012865,0012692,2,180
8012867,0003948,2,600
8013070,0013131,2,300
8013087,0017063,2,240
8013093,0011066,2,300
8013093,0012811,2,420
8013093,0015865,2,120
8013095,0012012,2,1200
8013097,0010244,2,120
8013110,0010247,2,300
8013110,0010248,2,600
8013111,0009751,2,300
8013138,0011727,2,180
8013220,0010255,2,600
8013240,0022470,2,360
8013240,0022866,2,240
8013297,0004178,2,300
8013361,0011576,2,240
8013362,0016806,2,600
8013362,0016807,2,420
8013428,0010949,2,300
8013428,0012000,2,600
8013447,0012141,2,300
8013448,0005207,2,360
8013461,0016184,2,300
8013471,0012751,2,120
8017344,8070688,2,420
8070199,0017348,2,300
8070199,0017349,2,600
8070660,0017355,2,60
8070685,0016185,2,420
8070685,8070686,2,300
8070686,0016185,2,420
8070686,8070685,2,300
8070688,0017541,2,420
8070688,0017548,2,420
8070688,0017556,2,420
8070688,0017559,2,300
8070688,0017564,2,480
8070688,8017344,2,420
8070689,0017192,2,60
8070689,0017193,2,300
8070690,0017658,2,300
8070691,0016160,2,300
8070691,0017667,2,120
8070691,0017668,2,420
8070692,0016244,2,300
8070693,0016243,2,60
8070695,0016153,2,180
8070696,0016155,2,600
8070697,0016154,2,300
8070698,0017521,2,300
8070699,0017457,2,600
8070699,8070700,2,300
8070700,0017457,2,420
8070700,8070699,2,300
8071472,0010811,2,60
8071472,0012995,2,420
8071472,0013000,2,300
8071472,8010205,2,540
8071472,8098205,2,540
8080280,0011155,2,600
8080280,8010076,2,720
8080560,0005096,2,300
8080570,0005009,2,120
8080580,0005236,2,120
8080590,0005147,2,420
8080600,0005245,2,480
8080610,0005722,2,600
8080620,0005059,2,360
8080840,0012285,2,360
8080930,0011069,2,600
8098205,0010811,2,540
8098205,0012995,2,360
8098205,0013000,2,240
8098205,8010205,2,540
8098205,8071472,2,540
8010003,8010003,2,240
8010008,8010008,2,300
8010019,8010019,2,240
8010046,8010046,2,300
8010059,8010059,2,240
8010076,8010076,2,240
8010080,8010080,2,240
8010095,8010095,2,240
8010122,8010122,2,300
8010134,8010134,2,180
8010144,8010144,2,240
8010146,8010146,2,240
8010159,8010159,2,300
8010160,8010160,2,300
8010161,8010161,2,300
8010162,8010162,2,300
8010186,8010186,2,300
8010202,8010202,2,180
8010205,8010205,2,420
8010206,8010206,2,240
8010207,8010207,2,240
8010208,8010208,2,240
8010209,8010209,2,240
8010228,8010228,2,300
8010232,8010232,2,240
8010238,8010238,2,180
8010240,8010240,2,300
8010243,8010243,2,240
8010269,8010269,2,180
8010351,8010351,2,300
8010368,8010368,2,240
8010390,8010390,2,180
8011018,8011018,2,300
8011043,8011043,2,300
8011071,8011071,2,300
8011077,8011077,2,300
8011103,8011103,2,300
8011131,8011131,2,300
8011132,8011132,2,300
8011222,8011222,2,300
8011242,8011242,2,240
8011339,8011339,2,300
8011371,8011371,2,300
8011376,8011376,2,300
8011387,8011387,2,300
8011402,8011402,2,300
8011491,8011491,2,300
8011495,8011495,2,300
8011573,8011573,2,300
8011588,8011588,2,300
8011598,8011598,2,240
8011626,8011626,2,300
8011705,8011705,2,300
8011711,8011711,2,300
8011745,8011745,2,300
8011752,8011752,2,300
8011753,8011753,2,300
8011755,8011755,2,300
8011763,8011763,2,300
8011771,8011771,2,300
8011813,8011813,2,300
8011814,8011814,2,180
8011900,8011900,2,300
8011905,8011905,2,300
8011913,8011913,2,300
8011914,8011914,2,300
8011959,8011959,2,300
8011983,8011983,2,300
8011993,8011993,2,300
8012012,8012012,2,300
8012034,8012034,2,300
8012046,8012046,2,60
8012080,8012080,2,300
8012097,8012097,2,300
8012117,8012117,2,300
8012141,8012141,2,300
8012147,8012147,2,300
8012148,8012148,2,60
8012167,8012167,2,300
8012178,8012178,2,300
8012183,8012183,2,360
8012184,8012184,2,300
8012186,8012186,2,300
8012187,8012187,2,300
8012188,8012188,2,360
8012190,8012190,2,300
8012192,8012192,2,300
8012193,8012193,2,300
8012194,8012194,2,180
8012195,8012195,2,300
8012196,8012196,2,180
8012197,8012197,2,300
8012199,8012199,2,300
8012202,8012202,2,300
8012211,8012211,2,300
8012212,8012212,2,300
8012228,8012228,2,300
8012236,8012236,2,300
8012241,8012241,2,300
8012284,8012284,2,420
8012285,8012285,2,300
8012304,8012304,2,300
8012308,8012308,2,300
8012311,8012311,2,300
8012343,8012343,2,300
8012344,8012344,2,300
8012355,8012355,2,300
8012371,8012371,2,300
8012375,8012375,2,180
8012414,8012414,2,300
8012415,8012415,2,300
8012416,8012416,2,300
8012417,8012417,2,180
8012463,8012463,2,300
8012478,8012478,2,300
8012506,8012506,2,300
8012526,8012526,2,300
8012597,8012597,2,300
8012619,8012619,2,300
8012623,8012623,2,300
8012656,8012656,2,300
8012661,8012661,2,300
8012682,8012682,2,300
8012697,8012697,2,300
8012731,8012731,2,300
8012743,8012743,2,300
8012757,8012757,2,180
8012817,8012817,2,300
8012865,8012865,2,300
8012867,8012867,2,300
8013070,8013070,2,300
8013087,8013087,2,300
8013093,8013093,2,300
8013095,8013095,2,300
8013097,8013097,2,300
8013110,8013110,2,300
8013111,8013111,2,300
8013138,8013138,2,300
8013220,8013220,2,300
8013297,8013297,2,300
8013361,8013361,2,240
8013362,8013362,2,300
8013425,8013425,2,300
8013428,8013428,2,300
8013447,8013447,2,300
8013448,8013448,2,300
8013461,8013461,2,240
8013471,8013471,2,300
8071472,8071472,2,540
8080280,8080280,2,420
8080560,8080560,2,300
8080570,8080570,2,300
8080580,8080580,2,300
8080590,8080590,2,300
8080600,8080600,2,300
8080610,8080610,2,300
8080620,8080620,2,300
8080840,8080840,2,300
8080930,8080930,2,3600
8098205,8098205,2,240
0005127,0005127,3,
0013514,0013514,3,
0013516,0013516,3,
